11111111
00000000
00000010
10010010
01010111
00110111
01111000
00111101
00110110
00010011
01010011
00110010
00100010
00100010
00101010
00100110
00100110
00100110
00000110
00110110
00010100
00010100
00110100
00010100
00010110
00010100
00010110
00010100
00010100
00010100
00010100
00010100
00010100
00010100
00010100
00000100
00000100
00000100
00000100
00000100
00000100
00000100
00000100
00000100
00000100
00000100
00010100
00010100
00010100
00000100
00000100
00000100
00000100
00010100
00010100
00010100
00010000
00010000
00000000
00010100
00010100
00010100
00010000
00010000
00010000
00010000
00010000
00010100
00010100
00010100
00010100
00010100
00000100
00010100
00010000
00010100
00010000
00010000
00010000
00000000
00000100
00010100
00010100
00010100
00010100
00010100
00000010
00000100
00010100
00010100
00010100
00000100
00000000
00010100
00000100
00000100
00000100
00000100
00000100
00000100
00000000
00000100
00000100
00000100
00000100
00000100
00000000
00000100
00000000
00000100
00000100
00000100
00000100
00000100
00000100
00000100
00000100
00000000
00000100
00000000
00000100
00000000
00000100
00000000
00000100
00000000
00000100
00000100
00000100
00000100
00000100
00000100
00000000
00000100
00000100
00000000