11011001111
00001001111
01111010001
01011101110
01010001111
01011001011
01111100000
01011001101
01111000001
01010001110
01011001111
01011001110
00011000111
01111000000
01000000001
01111011001
01011011111
01111010011
01111010101
01001101111
00011101101
00011101011
00011100111
00000001111
00010001101
01010001011
00010000111
01000101110
01010101100
01010101010
01010100110
01100110001
01001110000
01101010001
01101100000
01101001111
00111001101
00111001011
00111000111
01100011110
01110011100
01110011010
01110010110
01100001111
00110001101
00110001011
00110000111
01100001000
01100000010
01100000100
01110000000
01110101000
01110100010
01110100100
01100101000
01100100010
01100100100
01111110001
01110010001
01011010001
01010111000
01010110010
01010110100
01000110000
01111010000
01101110000
01100100000
01001100000
01101000000
01000010001
01000100001
01100000001
01001000001
01110100000
01111000000
01010110000
00011111111
00111101111
01010101111
01011101000
01011100010
01011100100
01001101000
01001100010
01001100100
01011100000
01010001000
01010000010
01010000100
01000000000
01110111110
01111011111
01010011110
01110001111
01000011000
01000010010
01000010100
01010010000
01101111000
01101110010
01101110100
01011110000
01100111000
01100110010
01100110100
01110110000
01010011000
01010010010
01010010100
01001011000
01001010010
01001010100
01010100000
01011011000
01011010010
01011010100
01000111000
01000110010
01000110100
01011001000
01011000010
01011000100
01111001000
01111000010
01111000100
01010000001
01001001000
01001000010
01001000100
01011000000
01001010000
01010111110
01110101110
01111101000
01111100010
01111100100
01011111000
01011110010
01011110100
01100010000
01001111000
01001110010
01001110100
01101001000
01101000010
01101000100
01110011000
01110010010
01110010100
01101101000
01101100010
01101100100
00000001001
00000000011
00000000101
01000101000
01000100010
01000100100
01110011111
01111001111
01110001000
01110000010
01110000100
01101011000
01101010010
01101010100
01100011000
01100010010
01100010100
01010101000
01010100010
01010100100
00111001110
01110001110
01011101111
01111001111
01110001111
01111010001
01000000001
01011101111
01010001111
01000000001
00010110000
01010000000
01101110000
00100010000
01111000000
01100110000
01001100000
01000110000
00000100000
01110000000
01011010000
01011000000
01101010000
01010010000
00000010000
01001000000
01110100000
01101100000
01001010000
01110011110
01100000000
01001110000
01010100000
01101000000
01111100000
01110010000
01011110000
01011100000
01100100000
01111100000
01010101110
01101010000
01010110000
01001010000
01111001110
01011110000
01011100000
01100000000
01101000000
01001000000
01000100000
01011000000
01101110000
01100110000
01000110000
01010000000
01001110000
01001100000
01101100000
01110011110
01000010000
01100010000
01110000000
01011010000