11111101111
00100000000
11111010100
00100010010
10100010000
10110101010
10100000000
10100001000
10100001010
00100011000
10110011000
10100001000
10100001000
10100000000
10100001000
10100000000
10101101010
10101101110
10100101010
11110101010
10111101000
10111001000
10100000110
10100100010
10000000000
10100000000
10111001100
10100000000
10111100000
10111100000
11100001010
11110000000
10100000000
10100000000
10100000000
10100000000
01101100110
01000011010
10100000000
11000100000
01101101010
01101111110
01100110110
01110000000
00100001000
01101111110
01110111010
11101100100
01101011000
00100011000
00000011000
01100110000
01101110000
01101111100
01000100010
01000100110
01000100110
01100111100
01100010000
01100100000
01101110000
01111110000
01110110100
01111110100
01100110100
01101110000
01000010110
01101100110
01111110000
01111010100
01110110100
01110100010
01010100000
01001000000
01110100000
01110000100
01100100100
01101000100
00100100000
00010000100
01110010100
00101110000
00100110010
00111110100
01111110100
00000100000
01011000000
01111110000
00001000100
01001000100
00000000100
01000000100
00001000110
01001000110
00000100110
01001000010
00001100000
00001000000
00001100000
00011100100
01111110100
00010100000
00000100000
01100110000
01001100000
01000100000
01001000100
01001100000
01000000100
01100110110
01101110110
01111110100
01111110000
01110110000
01111110100
01001000110
01001100010
01100010110
01100110010
01110010100
01111010100
01101110000
01100110000
01100110000
00001000010
00101010000