11011110111
00110011001
01001001000
01101010111
01101011010
01100000010
01111000011
01110001111
01111001110
01100001100
01110001100
01110110101
01111111111
01011111111
01010111011
01000110011
01000110011
01011111000
01000110101
01011110100
01010110110
01000100011
01011110110
01011100000
01011101000
01010100000
01000100000
01010110101
01011111101
01001110101
01101110101
01111010100
01101000100
01101000100
01001100100
01101001101
01101010100
01111001000
01101000100
01101000110
01100000110
01100000010
01100000010
01100000010
01110010001
01101010101
01101011100
01111011100
01111010100
01001010101
01001111101
01011110100
01111010000
01011010001
01011110101
01001000000
01001011000
01000011001
01010010001
01010010001
01000000000
01010010000
01010011000
01000011001
01010011000
01010001000
01100011101
01010010101
01010011100
01010110101
01010111101
01010011101
01110011001
01000011000
01010010000
01000011000
01000000000
01000000000
01000000000
01000000000
01010011001
01000010001
01010010001
01010111100
01010011100
01000011101
01010001101
01010011000
01000011001
01010110000
01110011001
01000000100
00000000000
00000011001
00000011000
01100000000
01000010000
01000010000
00000000000

