11101110111
01001011010
01101110011
01101111011
01001111110
01010111111
01001100111
01010111111
01110111111
01000111111
01000111111
00101101100
00000110010
01000110010
01000010010
01000001100
01100101010
01110011110
01110100111
01101101101
01011100110
01111100110
01111100110
01011101110
01111010111
01101110111
01111010111
01111111101
01001101100
01011101100
01111101100
01011110110
01101001101
01111101101
01101101101
01000100110
01010001011
01110011000
01010011001
01000011001
01010001001
01000101001
00010001000
01010010011
01110010011
01011000011
01000110110
01101110110
01110101100
01010101001
01110000010
01110100010
01100101011
01000101100
01100110111
01100110110
01000010111
00110110110
01000110110
01000101101
01001001101
01011001101
00010100111
01011000111
00011010111
01010110110
01001110111
01011011101
01011101101
01101001101
01011011101
01010001111
01011101011
01101111101
01000110111
00110100111
00100110111
01010000110
00011110110
01001011001
01101111001
01001111100
01101111101
01110101101
01111101101
01011101101
01110100010
01100110110
01010101101
01111011101
01111011101
01110100011
01000110011
01101101111
01101100011
01100011000
01100011000
01010111001
01010111001
01011101011
01011100011
01110101010
01101101010
01110101010
01010111001
01100011000
01100000000
01001011010
01001000010
01001011000
01011011000
01100001001
01011001000
01001001000
01110111000
01110101000
01010111010
01001101010
01100100010
01101100010
01100001010
01100001010
01101010010
01100000010
01010010010
01011010010
01000101010
01010111000
01101101001
01101101001
00111101000
00101101001
00000000001
01100100001
01100100000
00000000000