10111100100
00111000100
01001111111
01111010001
01110111101
00110111111
01001010011
01011000101
01011111111
01001011111
01011011101
01101011110
00111010110
00111011010
01010111110
00011111110
01001010101
01010101101
00110110000
01110110010
00110110100
00110101000
00110111000
00110100100
00110011100
01111011010
01110011010
01110111010
01100110001
01010100000
01001011010
00101001001
01101111111
00101000010
01110001011
01111001001
01111101011
01100010001
01101011001
01100000011
01110010000
01100011010
01110111101
01100111110
01110111100
01100111011
01001111010
01011101100
01110110100
01111010000
01100110010
01101000010
01011010001
01000110111
01010110111
01111101011
01110110010
01111001010
01100101100
01001011000
01000111001
01110000010
01110010000
01100110000
01110100011
00110100000
00110101100
00010111010
00100101010
01000101110
01010101100
01010100100
01000100010
01010111001
01000110111
01101101011
01111111001
01001000010
01011010000
01001010011
01011101000
01001001010
01011011001
01011101111
01010110111
01010111010
01011101110
01000110100
01001110000
01000111101
01001001001
00110111100
00110110000
01100100100
01110101111
01010111011
00110101010
01110101101
01100101110
01100000011
01010101111
00010101010
00010010010
01110100110
01110100010
01010110110
01110111011
01110111111
01110100011
01110011011
00000011000

