1101111111100101011005001001100101001110110010011001010011010101111101551111111010100001000100111111111151101100000001550151115010111011010100150100100101111110111111010555015011011111111100000000000110010001015011
0001101111000110101111001001000101001100110010010001010011010100000000550000000101000001000110100001011150101100000010551051015101001011101110101110011011000000000000111500001555500000000000000000000111000001011001
5011110110010111110150001001010101001101110010010101010011101010100001551110111001010011111011101011011151010111111110005550005505110110511111005150001050111001011105550100110515555055501511111111100011000510115501
5010011011101001555555001010001101001110000010110011010011010101001001510010110051001011111111010011110151101010000501555551005555011110555111055150011555510111001051501555110500555555551055555511500110000511115151
5011111101101001555555100011001000110101111101001100101001010111100005550010110111000111111111100100010551110010100105555110110555111115101050155055055051105505015555511555555555511111111100000000000011010550115550
0011101111101011555555010011001010110110111000111101110101110101001005501101111011011110111111110111000551110010100151555010010505501105510101015150511051555555555555505555515505500000000055555555500011051550515150
5010010015101001555555001111001100110110110000111100110010100110110010150011011011011011111151555555050550000101011150005151505515501151555111005150111555110051555000511510555151000000000011111111110101110001005151
0101110015110011555555001011110101111001111100011101100011010111001011101101111011010111111151510015551151001100010111515550105555511101555111055151511555151155555505510111015100055555555555555555500001100001015151
0011110115001111151151000011001101000100110010111100100001111000111101510010101111011111100151555555051051111111100110555555555555101111555111055150510555555500000555505555555555555555555555555555501010100001000051
5011110115011115151150110015101101001501110010151011010015101010100001551000100155011111110551510015151101011110110150555555555555511100555111055150511555555500011555511555500505555555555555555555500011115001015551
5011110011101115555055101015001110110510010010151101000015011100111115101010100155011111101501155551110551011100110101555555555555101150111111055055511051550055555101505510500511155515555555555555500101055001005150
5010111101101105555555001015001101100510100010151100100115101100111111150010111155011111010510155551011151000101110101515515550555151150055011055155511555555555555555505505555550555515555555555555500111015101555150
5010101001101105555555001115001101101510111010151100101105111100110111050100100155011100111515155551011150000101010551555555555555111550155050155150555555555555555555501105555550555555555555555555500111055011515550
5011000105101015555055001015001001110510100011151111010015111100111001550010101055011111001555555555551151011100100555555555555555501511555155055150555555551501010555555555500555500010000055555555500101055511500051
5001110015111015555555001015111101001510110100151100010015111100111110050110100155001111111550510015555551110111100550555555555555151105555155055150555555151055555105555555515505555555555155555555500010105511015151
5011110011011105155151111015001111110510111110151100101115110100111111150010100055011111011510110011010551110111101510555555555555001151150155055055555555551050510000555001555150500005555100010000000010155510111050
5011110005101015055551001115001101010510000011150000000015001110100101551100111055011101000551555555151151100011015155555555555555551155555155055150555555115555155515555555555555555555555155555555500100115511505551
5001110105010005055555011005101011100511110010150111010015011011010005550011100155000011000551555555050551110001101105555000005555510115555111055151511555555555555555511555555555555555555555555555511111005510515551
0110011115101115555055001015011101001510110110151100101015010100010005555515555555000001111550555555050551110010001005555155555555100011555150055150555555055555555555555555555555555555555555555555511011005555555051
5100000115101105551150001105001101011510010011151101011105111101111101555555555555100011000550555555550551110010001515555055555555501111555155055155555555555555555555555555555555500005555000000000010011115551111051
5010101115010005555555110105001010001511110010050011011105515101011005505555555555555555555555555555550551110011001551555555555555551501555155055150555555505555555555555555515515500005555000000000001011155555115151
5101001115010015555555001115110101110501010010050010101105515101101005505555555555555555555555555555550551110000101555555555555555551555555555055555555555555555555150555555555555505555555055555555500111155511555555
5010001115555055555555110105110010001510011100150010100015515100001005501101111015100011000555510015550551110010101555555555555555551555555555055555555555555555555555555555555555555515555055555555500001055511115555
5100101115555555555555110015110010110555555555555555555555515100001105515555555555555555555555555555550551110001001555555555555555551555555555055555555555555555555555555555555555500005555000000000000011155551105555
5111101115555555555555001005555555555555555555555555555555515101101105515555555555555555555555555555555550000110100555555101001555555555555155055150555555555555555555555555555555555555555055555555501111005551555551
5555511105551555555555555555550555555555555555555550555505110115555501555555555555500011000550555555551150000110100055555100011555550111555555055555555555555555555555555555500555555555555555555555500111055511555555
5555511105555555555555555555555555555555555555555555555555111100011105555555555555511011000550555555555550000110100555555100101555551111555555055555555555555555555555555505151555555555555555555555510111055511555555
5110011105555555555555555555555555555555555555555555555555111100101105515555555555510500555550555555550551110010101555555555555555555115555555055555555555555555555555555555555555555515555555555555551101055515555555
5110011105555555555555555555555555555555555555555555555555001005555505555555555555555550555551555555550551110011001555555555555555555115555555055555555555555555555555555555555555555555551555555555551110155515555555
5100010015555555555555555555555555055555555555555555555555010000111105555555555555555555555550555555050551110000011155555555555555555115555155055150555555511555555505555555555555555555555155555555551101155515555551
5050010015555555555555555555555555555501110001055505555555100000111101555555055555555555555550555555051150110011115155555555555555551101555555055555555555550155555105555555505515555555555055555555500101155001505155
5555501115555555555555555555555555555555555555555555555505000101000001505555555555555555555551555555551151010000110155555555555555555101555555055555555555555555555555555555505515555555555055555555551100155515555155
5111101115555555555555055555555555555555551055550550555555100115555501555555555555555555555551555555551150110111101105555555555555151101555555055555555555555555555515555555505515555555555155555555500000155511115155
5555501115555555555555555555555555555555555555555555555555101101001105500010001155555555555555555555555551100100010555555555555555151501555555055555555555555555555555555555505515500000001055555555500110155511505155
5055511105555555555555555555555555555555555555555555555555111110111115155555555055505555555551555555555551100000110050555555555555555111555555055555555555555555555555555510555555555555555555555555500010155551505555
0555511105110005555555555555555555555555555555555555555555011105555555551101111015505505551551510015555551101100110555555555555555551111555555055555555555555555555555555555555555555555555555555555500001055550115555
5555511105555555555555555555555555555555555555555555505555111005555551555555555555505155005551555555551151110100110155555555555555551111555555055555555555555555555555555555555555555555551555555555500110155001555555
5555511105555555555555555555555555555555005555555555555555000105555515155555555555500000000551555555555550000010000555555555555555551111555155055150555555555555555555555555555555555555555555555555500100155001515551
5010011105555505555555110115555555555555555555555555555055001005555501555555555555555501005551555555551150100100110155555555555555551115555555055555555555555555555555555555555555555555555555555555500010155001015555
5555511105555555555555555555555555555555555555555555555555101105555515151101111015551500555551510015555550010101000555555555555555551111555155055150555555555555555515555555555555555555555155555555500010055550115551
5555511105555555555555555555555555555555555555555555555555011005555505555555555555555055515550555555555550111111000555555555555555551115555155055150555555555555555515555555555555555555555155555555500011155555115551
5010011105101005555555110115101010000555555555550011011105101005555515155555555555550055155550555555550550011111100505555555555555551111555155055150555555555555555555555555555555555555555555555555500001155555115551
5111001005555555555555015555555555555555555055555555555555010115555505555555555555555555555551555555550551110011101155555555555555551115555555055555555555555555555555555555555555555555555555555555500010055555115555
1110111105555555555555551555555555555555555505555555555555100015555505551101111015555555055550510015550551110011101155555555555555555115555555055555555555555555555555555555555555555555555555555555500001055550515555
5101111105555555555555555515555555555555555555050055555505010015555505555555555555555555505550555555550551110011101155555555555555551115555555055555555555555555505555555555555555511101011155555555500101055511505555
5055511105555555555555155555055555555555550555555555555555100115555505555555555555550555555551555555550551110011101155555555555555555115555555055555555555555555555555555555555555555555555555555555500001105555515555
5111011015555555555555550555555555555555555515555555555555100015555511555555555555555555555550555555551151110110101100555555555555551150555555155555555555555555555555555555555550555555550555555555500011055555115155
5101110015555555555555555505555555555555555555155555555555010015555551555555555555555555555550555555551151110101101105555555555555551155555555155555555555555555555555555555555555555555551555555555500011055555015555
5110111105555555555555555555515555555555555555555055555555011115555515155555555555555555550550555555550551110111001105555555555555551111555155055150555555555555555555555555555555555555555555555555500010055555015551
5555510115555555555555555555505555555555555555555155555555011115555511555555555555555555555550555555551151000011010155555555555555551155555155155150555555155555555515555555555555511115555155555555500101155511555551
5110111005555555555555555555155555555555555555550555555555101115555505555555555555555555555550555555550551110010001155555555555555551111555555155555555555555555555505555555555555555555555011101111100010155555115555
5555511005555555555555555555055555555555555555551555555555101115555501555555555555555555555550555555551150000100010155555055555555551155555155055150555555555555555555555555500555555555155555555555500101055511555551
5555510005555555555555555555555555055555555555555555551555011015555551555555555555555555555551555555551150000111010155555555555555555155555555155555555555555555555555555555555555555555555555555555555555555555555555
5110110105555555555555555555551555555555555555555505555555101015555505555555555555555555555551555555550551110001001155555555555555555111555555155555555555555555555555555555555555555555555555555555555555555555555555
5110110015555555555555555555555551555555555555555555505555110010111105555555555555555555555551555555550551110011000155555555555555555111555555055555555555550055555110555555555555555555555555555555555555555005055555
5101011105555555555555555555555550555555555555555555515555110015555501555555555555555055555551555555551151111000101105555555555555551155555555055555555555555555555555555555555555555555555555555555500001055555515555
5111010115555555555555555555555155555555555555555550555555110115555505555555555555555555555550555555550551110010001155555555555555555111555555055555555555555511055555555555555555555555555555555555555555555005055555
5555510115555555555555555555555055555555555555555551555555110115555511555555555555555555555550555555551151000100110150015055555555551155555155055150555555555510015555555001555150555555555555555555500001055005015151
5101111105555555555555555555555555515555555555555555555055001015555505555555555555555550555550555555550551110001100155555555555555555111555555055555555555555555555555555555555555555555555555555555555555555555555555
5555510105555555155551555555555555505555555555555555555155001015555511555555555555555555555550555555551150001110100155555555555555555155555155055150555555555555555555555555555555555555555555555555555555555555555551
5555510005555555155551555555555555551555555555555555555505001115555505555555555555555555555551555555550551110011100155555555555555555111555555055555555555555555555555555555555555555555555555555555555555555555555551
5555511105555555555555555555555555555555555555555555555555111105555505555555555555505555555550555555555550010101010555555555555555555111555555055555555555555555555555555555555555555555555555555555555555555555555555
5555511105555555555555555555555555555555555555555555555555011005555515155555555555555555505550555555555551011011000555555500005555551111555155055150555555555555555555555555555555555555555555555555500010155551555551
5110011105555555555555555555555555555555555555555555555555001105555505555555555555555505555550555555550551110000001555555555555555555111555555055555555555555555555555555555555555555555555555555555555555555555555555
5101011105555555555555555555555555555555555555555555555555111005555505555555555555555055555551555555550551110000001555555555555555555111555555055555555555555555555555555555555555555555555555555555555555555555555555
5100101115555555555555555555555555555555555555555555555555515100100105515555555555555555555555555555550551110000001555555555555555555555555555055555555555555555555555555555555555555555555055555555555555555555555555
5101101115555555555555555555555555555555555555555555555555515100101005515555555555555555555555555555550551110000101555555555555555555555555555055555555555555555555555555555555555555555555055555555555555555555555555
5111010015555555555555555555555555555555555555555555555555110000111105555555555555555555555555555555550551110000101555555555555555555555555555055555555555550055555051555555555555555555555555555555555555555005055555
5100001115555555555555555555555555555555555555555555555555100101001005505555555555555555555555555555550551110000101555555555555555555501555555055555555555555555555555555555505515555555555055555555555555555555555155
5101010115555555555555550555555555555555555555555555555555100015555505555555555555555555555550555555550551110001101155555555555555555115555555055555555555555500110555555555555555555555555555555555555555555005055555
5100110115555555555555555505555555555555555555555555555555010015555505555555555555555555555550555555550551110001101155555555555555555115555555055555555555555500501555555555555555555555555555555555555555555005055555
5101155555555555555555555555505555555555555555555555555555011115555505555555555555555555555550555555550551110001001155555555555555555115555555555555555555555555555555555555555555555555555555555555555555555555555555
5100055555555555555555555555055555555555555555555555555555101115555505555555555555555555555550555555550551110001001155555555555555555115555555555555555555555555555555555555555555555555555555555555555555555555555555
5101055555555555555555555555555555055555555555555555555555011015555505555555555555555555555551555555550551110010101155555555555555555115555555555555555555555555555555555555555555555555555555555555555555555555555555
5100155555555555555555555555550555555555555555555555555555101015555505555555555555555555555551555555550551110011001155555555555555555115555555555555555555555555555555555555555555555555555555555555555555555555555555
5555501115555555555555555555550555555555555555555515555555101015555511555555555555555555555551555555551151011100111150555555555555555155555555055555555555555555555555555101555050555555555555555555555555555555555155
5555511105555555555555555555555555555555555055555555555555010115555511555555555555555555555551555555551151110111111155555555555555555150555555055555555555555555555555555555555551155555555555555555555555555555555155
5555555555555555555555555555555555555555555505555555555555100015555551555555555555555555555550555555551150000101000155555555555555555155555555555555555555555555555555555555555555555555555555555555555555555555555555
5555555555555555555555555555555555555555555555055555555555010015555511555555555555555555555550555555551151000111000155105515550555555155555555555555555555555555555555555555555555555555555555555555555555555555555555
5555555555555555555555555555555555555555550555555555555555100115555511555555555555555555555551555555551151000111000155005515550555555155555555555555555555555555555555555555555555555555555555555555555555555555555555
5555555555555555555555555555555555555555555555555055555555011115555511555555555555555555555550555555551151110000110155555555555555555155555555555555555555555555555555555555555555555555555555555555555555555555555555
5555555555555555555555555555555555555555555555550555555555101115555501555555555555555555555550555555551151000100110155555155555555555155555155555150555555555555555555555555555555555555555555555555555555555555555551
5555555555555555555555555555555555555555555555555555550555011015555501555555555555555555555551555555551151000110100155555015550555555155555555555555555555555555555555555555555555555555555555555555555555555555555555
5101155555555555555555555555555555555555555555555555505555110015555501555555555555555555555551555555551151110001101155555555555555555155555555555555555555555555555555555555555555555555555555555555555555555555555555
5110155555555555555555555555555550555555555555555555555555110015555505555555555555555555555551555555550551110011011155555555555555555111555555555555555555555555555555555555555555555555555555555555555555555555555555
5111055555555555555555555555555055555555555555555555555555110115555505555555555555555555555550555555550551110010111155555555555555555111555555555555555555555555555555555555555555555555555555555555555555555555555555
5101155555555555555555555555555555555555555555555550555555110115555511555555555555555555555550555555551151000101101155555555555555555155555555555555555555555555555555555555555555555555555555555555555555555555555555
5111155555555555555555555555555555505555555555555555555555001015555505555555555555555555555550555555550551110015001155555555555555555111555555555555555555555555555555555555555555555555555555555555555555555555555555
5110055555555555555555555555555555555555555555555555555055001015555511555555555555555555555550555555551150110110001105555555555555555155555555555555555555555555555555555555555555555555555555555555555555555555555555
5111155555555555555555555555555555550555555555555555555555001115555505555555555555555555555551555555550551110001100155555555555555555111555555555555555555555555555555555555555555555555555555555555555555555555555555
5555555555555555555555555555555555555555555555555555555505001115555551555555555555555555555551555555551151100100110155555555555555555155555555555555555555555555555555555555555555555555555555555555555555555555555555
5111101115555555555555555555555555555555555555555555555555515100101105505555555555555555555555555555550551110011111555555555555555555555555555055555555555555555555555555555555555555555555055555555555555555555555555
5110001115555555555555555555555555555555555555555555555555515100101105515555555555555555555555555555550551110010011555555555555555555555555555055555555555555555555555555555555555555555555055555555555555555555555555
5100111105555555555555555555555555555555555555555555555555001105555505555555555555555515555550555555550551110001011555555555555555555115555555055555555555555555555555555555555555555555555555555555555555555555555555
5101101115555555555555555555555555555555555555555555555555111115555505555555555555555555555551555555550511110001111155555555555555555115555555055555555555555555555555555555555555555555555555555555555555555555555555
5555550555555555555555555555555555555555555555555555555555111115555505555555555555555555555551555555550501110011110155555555555555555115555555555555555555555555555555555555555555555555555555555555555555555555555555
5101001115555555555555555555555555555555555555555555555555110001001005505555555555555555555555555555550551110000111555555555555555555555555555055555555555555555555555555555555555555555555055555555555555555555555555
5101111105555555555555555555555555555555555555555555555555011105555515155555555555555555550551555555550551110001101505555555555555555151555555055555555555555555555555555555555555555555555555555555555555555555555555
5101111105555555555555555555555555555555555555555555555555101005555505555555555555555555055550555555550551000101101555555555555555555115555555055555555555555555555555555555555555555555555555555555555555555555555555
5555511105555555555555555555555555555555555555555555555555101105555555555555555555550555555551555555555551000101010555555555555555555111555555055555555555555555555555555555555555555555555555555555555555555555555555
5101150555555555555555555555555555555555555555555555555555111115555515155555555555555555555551555555550511000101101155555555555555555151555555555555555555555555555555555555555555555555555555555555555555555555555555
5555555555555555555555555555555555555555555555555555555555110000111105555555555555555555555555555555555551110000110555555555555555555555555555155555555555555555555555555555555555555555555555555555555555555555555555
5555510015555555555555555555555555555555555555555555555555110005555015155555555555555555555550555555550551010111000550005515550555555150555555055555555555555555555555555555555555555555555555555555555555555555555555
5100111105555555555555555555555555555555555555555555555555111015555555555555555555555555555550555555555555155101001105555555555555555111555555055555555555555555555555555555555555555555555555555555555555555555555555
5100001115555555555555555555555555555555555555555555555555111015555555555555555555555555555550555555555555155100001105555555555555555111555555055555555555555555555555555555555555555555555555555555555555555555555555
5110155555555555555555555555555555555555555555555555555555111015555505555555555555555555555550555555550551110011001155555555555555555111555555155555555555555555555555555555555555555555555555555555555555555555555555
5111011005555555555555555555555555555555555555555555555555110105555505555555555555500011000551555555550551110010101555555555555555555115555555055555555555555555555555555555555555555555555555555555555555555555555555
5111111105555555555555555555555555555555555555555555555555110105555505555555555555500001000551555555550551110011101555555555555555555115555555055555555555555555555555555555555555555555555555555555555555555555555555
5100011105555555555555555555555555555555555555555555555555110105555505555555555555500011000551555555550551110000001555555555555555555115555555055555555555555555555555555555555555555555555555555555555555555555555555
5555511005555555555555555555555555555555555555555555555555110105555505555555555555500001000551555555555550000110100555555110001555555115555555055555555555555555555555555555555555555555555555555555555555555555555555
5555555555555555555555555555555555555555555555555555555555555555555505555555555555555555555555555555555550000110100555555100001555555555555555555555555555555555555555555555555555555555555555555555555555555555555555
