0000000000000000000000000000000000000000000000000000000000000000000000000000000000000000000000000000000001000000000000000000000000001001000100000101000000000000000000000000000000000000000000000000011000000001000001
0001000000100000000000001010000011001010000010001000001010000000100001000000000000001100000000000000000001101001010000000100000000000110000000100000000000001000000000000000000000000010000000000000000000000000100100
0100000100001000000000000000101000000000000000000000010100000000000010000000000100000100001000001000000000100000000010000000000000001001000000000000000000000000000000000000000000000000000000000000000010010011100000
0000000110010100000000000000110010001000000101000100000110001010000000000000010000001010001000000000001000101100010000000000000000000001000001000000000000000000000000000000010000000000000100000000000000100000000000
0100000000000000000000000100000010000000010000100000001000001001000000000000000000000010000000000000000000000001001000000000000000010000000100100100000000000000000000000000000000000000000000000000000001000001000001
0100000000000000000000010010000000000010000000000001000000001000001000000100100000001001010000010100000000000001001100000000000000000000000000000000000000000000000000010000000000000000000000000000000001000001010001
0000000000010000000000100000100000100010000000000100001110000100010111000000000000000000000000000000001001000011001000000000000000000000000000000000000000001000000000000000000000000000000100000000010000000000000000
0101000000000000000000000000000100000001000000000100000000001100000110100000000000000000100000000000000000001001000000000000000000000010000000000001000000000000000000000000000000000000000000000000000000000000100000
0100000100000100000000000100000001000000100001000000001000001010000010000010011000000001000000000000000100001000011000000000000000000000000000000000000000000000010000000000000000000000000000000000001001000000000100
0000000100000000000000000000000101000000001100000000000000000000000000000100000000000011010000000000000000011001000000000000000000000011000000000000000000000000000000000000000000000000000000000000000000000000000000
0000000000000000000000000000000001100000000010001000000100000110010010011000000000000000100000000000001000011011000001000000000000000001000000000100000000000000000000000000000000000000000000000000000100000000000001
0001000000000000000000000000000100000010001010100000100000000010000010001000000000000001000000000000000000000010000000000000000000000001000100000000000000000000000000000010000000000000000000000000000010000000000001
0000000110100010000000011000000000000001000011000000000000001000000010001000000000010000001000000000000001000010000000000000000000000001000100100000000000000000000000000000000000000000000000000000000110100000000001
0000001010000010000000000000000000000000010100000000010000000000001000000001110000010100100000000000000000011010010000000000000000000010000000000000000000000000000000000000000000000000000000000000000010100000000000
0110000000000100000000000010000000000000000000000000011100001110010010000010000000000010001000000010000000000100001000000000000000000010000000000000000000000000000010000000010000000000000000000000000110000000010000
0100010010110110000000001000000000000001111000000001000000000100001100000000010000000010000000000000001000000000010000000000000000010000000000000100000000000000000000000000000000000000000100000000000110000001010001
0001000010000000000000001000010000011000011000000010000000000101110000000011100000001000000000000000000000100100000000000000000000000000000000000000000000000000000000000000000000000000000000000000000001000000000000
0100000110000000000000000000001000100000000000001000000000000000010100000010000000010100010000000000100000000000000000000000000000001000000000000001000000000000000000000000000000000000000000000000011010000001000000
0000010000000000000000000100010000010001000000000010100010000000111000000000000000000000100000000000100000000000000000000000000000001110000000000000000000000000000000000000000000000000000000000000011000000000000000
0010011010000000000000100100000000000000110000000011000000001010110101000000000000110000001000000000000000000000000000000000000000000000000000000000000000000000000000000000000000010000000100000000010000100000000100
0100000000001000000000000100100000011000100000000000010000000000010000000000000000000000000000000000000000000000000000000000000000000000000000000000000000000000000000000000000000000000000000000000001000100000010000
0000000000100000000000100000000110000000001000000000000000000000100000010000000000000000000000000000000000000000000000000000000000000000000000000000000000000000000000000000000000000000000000000000000100000010000000
0101000000000100000000011000011100000000000000100010000000000001000100000001000000100001000000000000000000000000000000000000000000000000000000000000000000000000000000000000000000000000000000000000000100000000000000
0000000000000000000000000000000101011000000000000000000000000001000000000000000000000000000000000000000000000000000000000000000000000000000000000000000000000000000000000000000000000100000000000000000110000000000000
0100000000000000000000100000000000000000000000000000000000000001000010000000000000000000000000000000000001000101000000000000000000000000000000000000000000000000000000000000000000000000000000000000001000100000000000
0000000000000000000000000000001000000000000000000000000000000000000000000000000000010000000000000000000001000000010100000000010000001000000000000000000000000000000000000000000000000000000000000000000000100000000000
0000000000000000000000000000000000000000000000000000000000000010110010000000000000000000000000000000000001000100000000000000010000000000000000000000000000000000000000000000000000000000000000000000010000100000000000
0001000000000000000000000000000000000000000000000000000000000010000000000000000000000000000000000000000000000000000000000000000000000000000000000000000000000000000000000000000000000010000000000000001000000000000000
0000000000000000000000000000000000000000000000000000000000000110000000000000000000000001000000000000000000000001000000000000000000000000000000000000000000000000000000000000000000000000000000000000001000000000000000
0000000000000000000000000000000000100000000000000000000000001010000000000000000000000000000000000000000000000000010000000000000000000000000000000000000000000000000000000000000000000000000000000000001001100010000000
0001000000000000000000000000000000000000100100100000000000000010000000000000000000000000000000000000000001110101000000000000000000000010000000000000000000000100000000000000000000000000000100000000000001000000000000
0000000000000000000000000000000000000000000000000000000000001000000100000000000000000000000000000000000000010100000100000000000000000000000000000000000000000000000000000000000010000000000000000000001000000000000000
0000010010000000000000100000000000000000000000000000000000000000000010000000000000000000000000000000000001000000010000000000000000000010000000000000000000000000000000000000000000000000000000000000000000000000000000
0000000000000000000000000000000000000000000000000000000000001000000000000000000000000000000000000000000000100000000000000000000000100000000000000000000000000000000000000000000000000000000000000000000011000000000000
0000000000000000000000000000000000000000000000000000000000000001101000000000000100000000000000000000000000100000010100000000000000000000000000000000000000000000000000000000000000000000000000000000000100100000010000
0000000000010000000000000000000000000000000000000000000000000010000000000000000100000000001000000000000000101000000000000000000000000000000000000000000000000000000000000000000000000000000000000000000111000001110000
0000000000000000000000000000000000000000000000000000010000001110000000000000000000000100000000000000000000000000001000000000000000000000000000000000000000000000000000000000000000000000001000000000000010000010000000
0000000000000000000000000000000000000000000000000000000000001010000000000000000000000000100000000000000001000000000000000000000000000000000000000000000000000000000000000000000000000000000000000000000000100010000000
0001000000000000000000010000000000000000000000000000000000000110000000000000000000000010110000000000000001100010000000000000000000000000000000000000000000000000000000000000000000000000000000000000000000100000000000
0000000000000000000000000000000000000000000000000000000000000010000000000000000000001001000000000000000001010101000000000000000000000000000000000000000000000000000000000000000000000000000000000000000000100001000000
0000000000000000000000000000000000000000000000000000000000000110000010000000000000000000010000000000000001111101000000000000000000000000000000000000000000000000000000000000000000000000000000000000000010000000000000
0001000000000000000000001000100000000000000000000100010000001110000000000000000000000000100000000000000001011101000000000000000000000000000000000000000000000000000000000000000000000000000000000000000100100000100000
0000110100000000000000110000000000000000000100000000000000001000000000000000000000000000000000000000000000000000000000000000000000000000000000000000000000000000000000000000000000000000000000000000000000000000000000
0001000000000000000000000000000000000000000000000000000000000100000000001000101100000000000000000000000000000000000000000000000000000000000000000000000000000000000000000000000000000000000000000000000110100001000000
0010000000000000000000000000000000000000000000001000000000000100000000000000000000000000000000000000000000000000000000000000000000000000000000000000000000000000000000000000000000001000000000000000000000000010000000
0100000000000000000000100000000000000000000000000000000000001000000000000000000000000000000000000000000000000001000000000000000000000000000000000000000000000000000000000000000000000000000000000000000001000000010000
0000001000000000000000000000000000000000000010000000000000000000000000000000000000000000000000000000000000000000010000000000000000000001000000100000000000000000000000000000000000000000000000000000000101000000010000
0000000000000000000000000010000000000000000000000000000000001000000000000000000000000000000000000000000000000000010000000000000000000000000000100000000000000000000000000000000000000000000000000000000001000000000000
0000000000000000000000000000000000000000000000000100000000000000000010000000000000000000000000000000000000000100000000000000000000000000000000000000000000000000000000000000000000000000000000000000000001000000000000
0000001010000000000000000000000000000000000000000100000000001000000010000000000000000000000000000000000000000101000000000000000000000000000000100000000000000000000000000000000000000010000000000000000100000010000000
0000100100000000000000000000000000000000000000000000000000000000000000000000000000000000000000000000000000000000000000000000000000000000000000100000000000000000000010000000000000000000000100000000000011000000010000
0000000100000000000000000000000000000000000000000000000000000000000000000000000000000000000000000000000001000000000000000000000000000000000000000000000000000000000000000000000000000000000000000000000000100000000000
0000000010000000000000000000000000000000000000000000000000001000000000000000000000000000000000000000000001000001000000000000000000000000000000100000000000000000000000000000000000000000000000000000000000000000000000
0000000110000000000000000000000000000000000000000000000000000000000000000000000000000000000000000000000000000010000000000000000000000000000000100000000000000000000000000000000000000000000000000000000000000000000000
0000000000000000000000000000000000000000000000000000000000000000001000000000000000000000000000000000000000000000001000000000000000000000000000000000000000000000000100000000000000000000000000000000000000000010100000
0000000000000000000000000000000000000000000000000000000000000100000010000000000000000000000000000000000000001100010000000000000000000000000000000000000000000000000000000000000000000000000000000000000101100000010000
0001001010000000000000000000000000000000000000000000000000000000000000000000000000000000000000000000000000000000000000000000000000000000000000000000000000000000000000000000000000000000000000000000000000000000100000
0000001010000000000000000000000000000000000000000001000000001000000010000000000000000000000000000000000000000000000000000000000000000000000000000000000000000000100000000000000000000000000000000000000000000000000000
0000000000000000000000000000000000010000000000000000000000001100000000000000000000000000000000000000000000000000001000000000000000000000000000000000000000000000000000000000000000000000000000000000000000000000000000
0000000110000000000000000000000000010000000000000000000000000000000010000000000000000000000000000000000001001000010000000000000000000000000000000000000000000000000000000000000000000000000000000000000000000000000000
0000000010000000000000000000000000000000000000000000000010000100000000000000000000000000000000000000000000000001001000000000000000000000000000000000000000000000000000000000000000000000000000000000000000000000000000
0000000000000000000000000000000000000000000000000000000000000010000010000000000000010000000000000000000001010101010000000000000000000000000000000000000000000000000000000000000000000000000000000000000000000000000000
0000000000000000000000000000000000000000000000000000000000000110000000000000000000000000000000000000000000011001000000000001000000000000000000000000000000000000000000000000000000000000000000000000000011000000000000
0000000000000000000000000000000000000000000000000000000000001010000000000000000000000000000000000000000000000010000000000000000000000000000000000000000000000000000000000000000000000000000000000000000000000000000000
0001000000000000000000000000000000000000000000000000000000001110000000000000000000000000000000000000000000000000000000000000000000000000000000000000000000000000000000000000000000000000000000000000000000000000000000
0000100000000000000000000000000000000000000000000000000000000000001000000000000000000000000000000000000000000000000000000000000000000000000000000000000000000000000000000000000000000000000000000000000000000000000000
0000000000000000000000000000000000000000000000000000000000000000000000000000000000000000000000000000000000000001000000000000000000000000000000000000000000000000000000000000000000000000000000000000000000000000000000
0000010010000000000000000000000000000000000000000000000000001000000000000000000000000000000000000000000000000010000000000000000000000000000000000000000000000000000000000000000000000000000000000000000000000000000000
0001000000000000000000000000000000000000000000000000000000000000001100000000000000000000000000000000000000000000000000000000000000000000000000000000000000000000000000000000000000000000000000000000000000000000000000
0000100100000000000000000000000000000000000000000000000000000000000000000000000000000000000000000000000000000000000000000000000000000000000000000000000000000000000000000000000000000000000000000000000000000000000000
0001000100000000000000000000000000000000000000000000000000000000000000000000000000000000000000000000000000000000000000000000000000000000000000000000000000000000000000000000000000000000000000000000000000000000000000
0001000000000000000000000000010000000000000000000000000000000100000000000000000000000000000000000000000000000000000000000000000000000000000000000000000000000000000000000000000000000000000000000000000000000000000000
0000000000000000000000000000000000000000000000000000000000000100000000000000000000000000000000000000000000000001000000000000000000000000000000000000000000000000000000000000000000000000000000000000000000000000000000
0010000000000000000000000000000000100000000000000000000000001000000000000000000000000000000000000000000000000000000000000000000000000000000000000000000000000000000000000000000000000000000000000000000000000000000000
0010000000000000000000000000001000000000000000000000000000000000000000000000000000000000000000000000000000000000000000000000000000000000000000000000000000000000000000000000000000000000000000000000000000000000000000
0000010010000000000000000000000000000000000000000000000000000100000000000000000000000000000000000000000000101000000000000000000000000000000000000000000000000000000000000000000000000000000000000000000000000000000100
0000000000000000000000000000000000000000000000000000000000000000000000000000000000000000000000000000000000000001000000000000000000000001000000000000000000000000000000000000000000000000000000000000000000000000000000
0000000000000000000000000000000000000000000000000000000000000000000000000000000000000000000000000000000001000001010000000000000000000000000000000000000000000000000000000000000000000000000000000000000000000000000000
0000000000000000000000000000000000000000000000000000000000001000000010000000000000000000000000000000000000000001010000000000000000000000000000000000000000000000000000000000000000000000000000000000000000000000000000
0000000000000000000000000000000000000000000000000000000000000100000010000000000000000000000000000000000000000001010000000000000000000000000000000000000000000000000000000000000000000000000000000000000000000000000000
0000000000000000000000000000000000000000000000000000000000000100000000000000000000000000000000000000000000000100001000000000000000000000000000000000000000000000000000000000000000000000000000000000000000000000000000
0000000000000000000000000000000000000000000000000000000000000100000000000000000000000000000000000000000000000000000000000000000000000000000000000000000000000000000000000000000000000000000000000000000000000000000000
0000000000000000000000000000000000000000000000000000000000000000000000000000000000000000000000000000000000000000010000000010001000000000000000000000000000000000000000000000000000000000000000000000000000000000000000
0000000000000000000000000000000000000000000000000000000000001000000010000000000000000000000000000000000000000100010000000000000000000000000000000000000000000000000000000000000000000000000000000000000000000000000000
0000000000000000000000000000000001000000000000000000000000000000000000000000000000000000000000000000000000000000010000000000000000000000000000000000000000000000000000000000000000000000000000000000000000000000000000
0000000000000000000000000000000000000000000000000000000000000100000000000000000000000000000000000000000000000000010000000000000000000000000000000000000000000000000000000000000000000000000000000000000000000000000000
0000000000000000000000000000000000000000000000000000000000000100000000000000000000000000000000000000000000110000010000000000000000000000000000000000000000000000000000000000000000000000000000000000000000000000000000
0001000000000000000000000000000000000000000000000000000000000000000000000000000000000000000000000000000000000000000000000000000000000000000000000000000000000000000000000000000000000000000000000000000000000000000000
0000000000000000000000000000000000000000000000000000000000001000000000000000000000000000000000000000000001000000010010000000000000000000000000000000000000000000000000000000000000000000000000000000000000000000000000
0000000000000000000000000000000000000000000000000000000000000100000000000000000000000000000000000000000000000010001000000000000000000000000000000000000000000000000000000000000000000000000000000000000000000000000000
0000000000000000000000000000000000000000000000000000000010000100000000000000000000000000000000000000000000100000000000000000000000000000000000000000000000000000000000000000000000000000000000000000000000000000000000
0000000000000000000000000000000000000000000000000000000000000000000000000000000000000000000000000000000000000000010000000000000000000000000000000000000000000000000000000000000000000000000000000000000000000000000000
0000000000000000000000000000000000000000000000000000000000000000000100010000000000000000000000000000000000000000010000000000000000000000000000000000000000000000000000000000000000000000000000000000000000000000000000
0000000000000000000000000000000000000000000000000000000000000010000000000000000000000000000000000000000000000000010000000000000000000000000000000000000000000000000000000000000000000000000000000000000000000000000000
0000010010000000000000000000000000000000000000000000000000000000000000000000000000000000000000000000000000000000010000000000000000000000000000000000000000000000000000000000000000000000000000000000000000000000000000
0000000000000000000000000000000000000000000000000000000000000100000000000000000000000000000000000000000000000001011000000000000000000000000000000000000000000000000000000000000000000000000000000000000000000000000000
0000000000000000000000000000000000000000000000000000000000001100010000000000000000000000000000000000000000000000010000000000000000000000000000000000000000000000000000000000000000000000000000000000000000000000000000
0000000000000000000000000000000000000000000000000000000000001010000010000000000000000000000000000000000000000000000000000000000000000000000000000000000000000000000000000000000000000000000000000000000000000000000000
0000000000000000000000000000000000000000000000000000000000000110000000000000000000000000000000000000000000110100000000000000000000000000000000000000000000000000000000000000000000000000000000000000000000000000000000
0000000000000000000000000000000000000000000000000000000000000010000000000000000000000000000000000000000000000101010000000000000000000000000000000000000000000000000000000000000000000000000000000000000000000000000000
0000000000000000000000000000000000000000000000000000000000001100000010000000000000000000000000000000000000110100000000000000000000000000000000000000000000000000000000000000000000000000000000000000000000000000000000
0000000000000000000000000000000000000000000000000000000000000000000100000000000000000000000000000000000000000000011000000000000000000000000000100000000000000000000000000000000000000000000000000000000000000000000000
0000010010000000000000000000000000000000000000000000000000000000000000100000000000000000000000000000000000010101000000000000000000000001000000000000000000000000000000000000000000000000000000000000000000000000000000
0000000000000000000000000000000000000000000000000000000000000100000000000000000000000000000000000000000000000100000000000000000000000000000000000000000000000000000000000000000000000000000000000000000000000000000000
0000010010000000000000000000000000000000000000000000000000000100000000000000000000000000000000000000000000000100000010000000000000000000000000000000000000000000000000000000000000000000000000000000000000000000000000
0000000000000000000000000000000000000000000000000000000000000000000000000000000000000000000000000000000000000000000000000000000000000000000000100000000000000000000000000000000000000000000000000000000000000000000000
0000000100000000000000000000000000000000000000000000000000000010000000000000000000001000000000000000000000000000000000000000000000000000000000000000000000000000000000000000000000000000000000000000000000000000000000
0000000000000000000000000000000000000000000000000000000000000010000000000000000000001110000000000000000000000000000000000000000000000000000000000000000000000000000000000000000000000000000000000000000000000000000000
0000000000000000000000000000000000000000000000000000000000000010000000000000000000000000010000000000000000000000000000000000000000000000000000000000000000000000000000000000000000000000000000000000000000000000000000
0000000100000000000000000000000000000000000000000000000000000010000010000000000000000001010000000000000001000100000000000000000000000000000000000000000000000000000000000000000000000000000000000000000000000000000000
0000000000000000000000000000000000000000000000000000000000000000000010000000000000000000000000000000000001000100000000000000000000000000000000000000000000000000000000000000000000000000000000000000000000000000000000
