11110111011
01010000001
11110010111
11110010100
11110010110
11100010100
11100010110
11100010110
00011100001
01100010100
11100010110
11100010100
11100010100
11010010001
11011100101
00011100001
10010110001
01011110011
10011010001
00010110100
00010110001
00010100110
00010100110
01011000100
01010000100
00011100101
01011000110
01011100100
01011000100
01011000100
01010100001
00011000101
01010000101
01010000101
01110100110
01110100100
00010100100
11010000111
00010100111
01010000100
01010000101
01010010101
11010000100
01011000100
01011110100
01011000101
01011000101
01010100100
01110100100
01101010100
01101000100
01110110100
01011010100
01110110100
01001000100
01011000101
01011000101
01011000100
01011000100
00001010100
01110110100
01011000100
01101010100
01011000100
01011000110
01001000000
01001010000
01101010100
01110110100
01101000100
01101010100
01010100100
01010100000
01100000100
01100010100
01100010100
01100010100
01010000100
01011100100
01011000100
01011100100
01010000110
01010000000
01011000000
01010000010
01010000100
01011000100
01011000100
01100010110
01100010100
01100010110
01100010110
01100010110
01011000000
01011100000
01010000000
01011000000
01011000000
01011000000
01010000000
01011000000
01010100000
01010000000
01011000000
01110100110
01010000000
01110100100
01100000110
01100000100
01100000100
01110110100
01110010100
01110100100
01110100100
01110100100
01100010100
01100010100
01100010100
01100000100
01100000100
00010000000
00010000000
00011000000
00010000000
00010100000
00010100000
00010100000
00010000000
00010000000
00010000000
00010100000
00010100000
01001000000
01100000100
00001000000
00100000000
01011100000
01010000000
01100000100
01011000000
00100000000
01011100000
01010000000
01010000000
01011000000
01010000000
01100000100
01100000100
01100000100
01100000100
01100000100
01100000100
00010100000
00010100000
01010000000
01100000100
01100000100
01100000100
01100000100

