0000001000100010000000000000000000000000000001000000000100001000000000000000100000000000000000000010001000010100000100001001000110000000000001000000000000001000000000000000100001000100010000000100000000001000000000000000000000000000000000000000000
0000100000001000010000010010000000000110000101000000000000000000000000000000000000100000000010110000100001010010001100001010100000100010100001000000000000000000001000001000000000000000000000000000010101000000100000001011000000000000000000000000100
0000001000100000000000010000001000000000000100000000000100101100000000000000000000000000100000000010001000000100000000000001100110000000010000000000000100000000000000000000100011010000000000010000000000001101000101111101100000000000000100000001100
0000000000000101000000001000000000000000000100000010000000000000001000000000000000000000000001000000000000000010000001000000111000000010000000100000000000010000000000001000000000000110000001000000000000000100000000001010000000000000000001000000000
0100000000000000000000000000000000000010000000000000000000000100000000000000000000000000000010000001000000011000000000010000010000000000000110101000000100000010000000010010000000000010010100000000000000000000010000011011100000000000000010000000000
0001000001010000000000000000000001000000000010100010000000000101000000000000000000010000000010010100000000000000000100000001000000000110000010000000000100000000000000001000000000000000000101000100000000000000100000000000000000000010000000000000000
0101000001100000000000000001000000000000000000000000000010000000000000000000100000000000000000010000000000000000000000000000000000000000000000001000100100000000000000000000000000100000000000000000000000000000100000000000100000000000000000000000000
0101000000000000000000000001001000000000000010000000100000000010000000001000000000000000000000000000000000001000000000000000000100000010000010100000000000001000000000000010000000100000001000000000000001000001000000010000000000000000000001000010000
1010000000000000000000100000110000000010010000000100000000100000000000100000000000000000000000000000000010000001001000001010000001000000000000000001000000000010000110100110000000000000100001000000000000000001100010110000000000000011000000000000000
0001100000001000000000010000001000000000000000000010000000000100000000000000000000000010000000000010000000011000000110001000010000010000000000100000100000000010000000001000000000000000000000000000000001000000000000000110100000000000000000000000000
0000001000000000000000000000000000001000000100000010000000000100000000010000000000010000100001000000000000000000000000100000010000000100000100100000100000000000000000101000000000000000000001000000000010000000000000000010000000000000000000000100000
0001000000000000010000000000000000100000000010000010100000000100000000000000000000000000101000010000001000000000000100000100010010000000001000100000100000000000000000001000000000010000000001000000000000000000100000000010000000000000000000000000000
0000001000000000000000000000000000000000000000000010000000000100100000000000000000000000100000000000001000000000000000000001000000000000000000000000100010001000000000000000000000010000000000000000000000000000000000001000100000000000000000000000000
0000000001000000000000000100100000000000000000000001000000000000000100100000000000000001100000000000000000000000100001000000000100000000000000000000000000000010000000000000000010000000000001000000000000000000000000000000000000000000000000000000000
1000100001000000000100000000000000001000000000100011000000000000001100100000000000010000100010000000100000000001000000000011010100000000000000000010000000000000000000000000000011000010000010000000000000010000000000000000000000000000000000000001000
0000000000010000001000001000000000000010000001000000000000000000000100000000100000010001000000010000000000000000000000000000000000000010100001000000000100000000000000100000000001000000010000000100000000100000000100100000000000000000000000000000000
0000000000000000000000010000010000000100000000000001100000000000000000000000000000010000000000000000000000000000000000000000000000000000000001000000000100000000000010001000100000000000000000000000000010000001000101010101100000000000000000000000000
0000100000000000000000010000010000000000000000100001000000000000000000000000000000000000000010010000000000001001000000000000000001000000000001000000000000000100000000000000100000000010010000000000000000010000000001001111000000000000000000000001000
1000000000000010000000000000001000000000000000000001000000100000000000000000000000000000010000000000000000000000000000000010100001100000000000000000000000000011000000000000000000010000000000000000000000000000000000000000000000000000000000000000000
0011000000000000000000100000001000000000000000000011000000000000011000100000000000110000000010000000000000000001001000000000010000000000000000000010000000000100000000000000000000100010000000000000000000000000000100000101100000000000000100000000000
0000000000000000000000000000000010000001000000000000000100100000000000000000000000000000000000000000000000000001000000000000000000000000000000000000000000000100100000000000000000000000000001010000000010100000000100000101000000000001000000000000000
0000000000000000000000000000000010000000000000000011000100000000010000000000000000000000000010010000000000100000001000000000010000000000000000000000001000010010000000000000000000000000000010000000000000000010100010110000000000000000000000000000000
0001100000000000000000000000000000000000010000000010000000000000000000000000000000010000000010010000000000000000000000000000010000100000000000000000001000000010000000001000000000000000000000000000001000001001000110100000000000000000000000000001000
0001100000000000000000000100000000010000000000000010100000000000000000000000000000000000000000000000000000010010001000000000010001000000000001000000000000000000000000000000000000000000000000000000000000001001000000001001000000000000000000000000000
0000000000000000000000000000000000010000000000000010100000000000001000000000000000000000000000010000000000000001000000001000010000000000010000000000000000000000000000001000000000000000000010000000000000000101100000000011000000000000000000000000000
0000000000000000000000000000100000000000000000100010100000000000000000000000000000010000000010000000000000000100001000000000110000000000000000000000000000000100000000100100000010110000000000000000000100000000000000000000000000000000000000000000000
0000100000000000000000000000001000000100000000000010000000000000011000100000000000010000000000000000100000000100001000000000010001000000000001000000000000000000000000100000000010000000000000000000000000000000000000001010000000000000000000000001000
0000100000000000000000000000000000010000000000000010000000001000001000000000000000000000000000000001000000000001000000000000010000000000000000000000000000000000000000000000000000100010000000000000000000000000000000000000000000000000000000000000000
0000000001000000000000000100000000000000000000000010100000001000000000000000000000000000100010000001000000000000001000000000010000000000010000000000000000000100000000100000000000000000000000000100000000000001000100100000000000000000000000000001000
0000000001000000000000000000000000000100000000000000000000000000000000000000000000000000000000010001000000000000001000000000000000000000010000000010100000000000000000100000000000110100000000000000000010000001100001100000000000000000000000000001000
0000000000000000000000000000000000000110000000000010000000000000000000100000000000000000000000000000000000000001000000000000000000000000000000000000000000000000000000100000000000100010000001000000000011000000000111100000000000000000000000000000000
1000000001000000000000000010000000010100000000000000100000000000000000000000000000100000100010000000000000000000000000000010100001000000000000000010000000000010000000100000000000100000000000000000010000000000000100100000000000000000000000000000000
0000000000000010000000000000000000010100000100000001100000000000000000000000000000100001100010000000000000000000000000000000100000000000000000000010000000000000000010001000000000100000000001000000001010110000100100100101000000000000000000000000000
1000000000000000010000100000010000010100000000000000000000000000000000000000000000100000000000000000000000001000000000000000100000100000100000000010001000000010000000000000000000100000000001000000000001000000000011011011000000000000000000000000000
0000000000000000000000000000000000010000000000000000000000100000000000000000000000100000000000000000000000000000000000000000000000000000000000100000101000000100000000000000000000000000000000000000000011000000001000000000000000000000000000000000000
0000100000000000000000000000000000000110000001000001100000100000000000100000000000000001000000000000000000000001000000000000000000000000000000100010100000000000000010100000000000100000000000000000000000000000000000000001100000000000000000000000000
0000100001000000001000000000000000000000000100000000000000000100000000000000000000000000000010000000000000000011100000000000000000000000000000100000000000000000101000001000000000100100010001000100000000000000000000100001000000000000000000000000000
0001000000000000000000000010000000000100100100110001000000000100010000100000000000000000100000010000000000000001000000000110000000000010000000100010000000000000001000001000000010000000000010000000000000100000000101001001000000000000000000000000000
0100000000000000010000000010010000000000000000100010000000000100000000000000000000100000000010000000000000000011000000000000010000000000100000100000100000000100000000000000000010000000000000000000000000000010001000000000000000000000000000000001000
0001000000010000010000000000010000000010000100110000000000000100000000000000000000010000100000000000000000000101000000000010100001000010000000100000100000000000000000100000100010000010000000000000000001001001000011000000000000000000000000000000000
0000000000000000000000000000000000000000000000100010000000000100000000000000000000000000000000010000000000000000000000000000110000000000000000000000001000000100000000001000000010000000000000000000010000010000000011100110000000000000000000000000000
1000000000000000000000000000000000000000000000100000000000000100000000000000000000000000000000000000000000000000000000000000100001000010000000100000100000001100000000100000000000000001000000000000000001000000000000000000000000000000000000000000000
0001000000000000000000001000000000000010000000100001000000100000000000000000000000010000000000000000000000000000001000000000000000000010010001000000000000100000000000100010000001000011000000000000000000000000000000000000000000000000000000000000000
0010000000000000000000000000000000000000000000000001000000000000001000000000000000010000000010000001000000000000000000000000000000000000110000000000000100000010000000001000000000010001000000000000000011000000000010100000000000000000000000000001000
0010100000000000000000000000000000000000010000100001000100001000000000000000100000000000000000000000001000000101000000000000000000000000000000000000000000000000000000000000000010010000000000000000000000000000000010100000000000000000000000000001000
0010000000000000000000000000000000000000000000000000000000000000000000000000000000000000000010000000000000001000000000000000000000000010000000000000000000000000000000000000000000000000000000000000000000000000000000000000000000000000000000000000000
0000100001000000010000000000000000000000000000000000000000000000000000000000000000000000000000000000000000000000000000000000000000000010010000000000000000001000000000101000000000000000000000000000000001000000000101000000000000000001000000000000000
0000000000010000010000000000000000000000000000100000000000000000000000000000000000000000000000000000000001000000000000000000000000000000000000000010000000000100000000000010000000010000000000000000000001000000100010100000000000000000000000000001000
0000000000000000000000000000000000000000010000000000000000100000000000000000000000000000000000000000000000000000000000000000000000000000000000000000000000000000000000000000000010000000000000000000000000000000000000000000000000000000000000000000000
0000000000000000000000000000000000000000000000000000000000100000000000000000000000000000000000000001000000000000001000000001000000000000000001000000000010000000000000000000000000000000000000000000000000000000000000000000000000000000000000000000000
0000000000000000000000010000100000000010000000000000000000100000000000000000000000000000000000000000000000000000000000000000000000000000000000000000000010000000000000100000000000000000000000000000000000000000000000000000000000000000000000000000000
0000000000000000000000000000100000000000000100010010000100000100000000000000000000000000000000000000000000000001000000000000010000000000000000100000000000000100000000000000000000000000000000000000000000001001000000000000000000000001000000000000000
0000000000000000010000000000000000010000000100100000100000000000000000000000100000100000000000000000000000000000000000000010000000000000000000000000000000000000000000100010000010100000000000000000000010000001100000000000000000000000000000000000000
0000000000000010000000000000000000000000000000000000000000100000000000000000000000000000000001000000000000000001001000000000000000000000000001000000000000000000000000000000000000000000000000000000000000000000000000000000000000000000000000000000000
0000000000000000000000000000000000000000000100000000000000000000000100000000000000000001010000000000000000000000000000000000000000000000000000000000000000000000000010000100000000000000000000000000000000000000000000000000000000000000000000000000000
0000000000000000010000000000010000000010000000010000000000000000001000000000000000000000000010000001000000000000001000000000100000000000010000000000000000000000000000000000000010000000000000000000000010000000000000000000000000000000000000000000000
0010000000000000000000000000000000000000000100000000100000000000001000000000000000000000000010000001000000001000001000000000100000000000010000000000000000000100000000000000000000000000000010000000000001000000100011000000000000000000000000000000000
0000000000000000010000000000100000010000000000100000000000000100000000000000000000000000000000000000000000000000000000000000000001000010000000000010000000000000000000000000000000100000000000000000000000000000000000000000000000000000000000000000000
0001000000000000010000000000000000000000000100100000100000000000000100000000000000000000000000000000000000001000000000000010000000000010000000000000000000000100000000001010000010100000000000000000000010000001000000000000000000000000000000000000000
0000000000000000010000000000100000000000000000000000000000000000000100000000000000100000000000000000000000000000000000000000000000000000000000000000000000000000000000000100000000010000000000000000000001000001000100100000000000000001000000000000000
1000000000000000000000000000100000000000000000000000000000000000000000000000000000000000000000100000000000000000001000000000100000000000000000000000000000000000000000100000000010000000000000000000000000000001000000000000000000000000000000000000000
0001000000000000010000000000100000000000000100000000100000000000000000000000000000000000000000000000000000001000000000000000000001000000000000000000000000000100000000001000000010000000000000000000000000000000000000000000000000000000000000000000000
0000100000000000000000000000000000010100000000000001000000000000000100100000000000000000000000000000000000000000000000000000000000000000000000000000000010000000000000000000000000000000000000000000000010000000100000000000000000000001000000000000000
1100100000000000000000000000000000010000000000000000000000000000000000000000000000000000000000010000000000000000000000000010000000000010000000000000000000000000000000001000000000000000000000000000000000000000001000000101000000000000000000000000000
1000000000000000000000000000000000000000000100000000000000000000000000000000000000000000000000010000000000001000000000000010000000000010000000000000000000000000000000000000000000000000000000000000000001000010000000000000000000000000000000000000000
0000000000000000000000000000000000000000000000000000000000000000000000000000000000000000000000000000000000000000000000000000000000000000000000000000000000000000000000000100000000010001000000000000000000000000000000000000000000000000000000000000000
0000000000000000000000000000100000000000000000000000000000100000000000000000100000000000000000000000000000000000000000000000000000000000000001000000000000000000000000000100000000010001000000000000000000000000000000000000000000000001000000000000000
0000000000000000000000000000001000000100000000010000100000000000000000100000000000000000000000010000000000000000000000000000000000000000000000000000000000000000000000000000000000000000000000000000000000000000100000000000000000000000000000000000000
0001000000000000000000000000000000010100000000000000100000000000001000100000100000000000000000000000000000001001001000000000000000000000000001000000000010000000000000001000000000000000000000000000000010000000000000000000000000000001000000000000000
0001000000000000000100000000000000000100000000100000000000000000000000100000000000000000000000000000000000000000000000000000000000000000001000000000000000000000000000000000000000000000000000000000000000000000000000000000000000000000000000000000000
0000000000000000000100000000000000000100000000000000000000000000000000100000000000000000000000000000000000000000001000000000000000000000000001000000000000001000000000001000000000100000000000000000000000000000000000000000000000000000000000000000000
0001000000000000010000000010100000000010000100000000100000000000000000000000000000000001000000010000000000000101001000000000000000000000000000000010000000000000000000101100000010010000000000000000000000000000100000000000000000000000000000000000000
0000000000000000000000000000001000000000000000000000000100001000000000000000000000000000000010010000001000000100001000000000000001000000000000000000000000000000000000000110000001000001000010000000000000001001000000000000000000000000000000000000000
1000000000000000000100000000001000000110000000100000000000000000000000000000000000000001000000000000000000000000001000000000000000000000000000000000000000000000000000000000100000000000000000000000000010000000100000000000000000000000000000000000000
1001000000000000000100000000001000000100000000000000000010000000000000000000000000000000000000000000001000000000000000000000000000000000000001000010000000001100000010001000000000000000000000000000000000000000000000000000000000000000000000000000000
0001000000000000000000000000001000000100010000000000000000000000000100000000000000000000000000000000000000000000000000000000000000000000000000000000000000000000000000000000000000000000000000000000000000000000000000000000000000000000000000000000000
0000000000000000000000000000000000000100000000000000000000000000000000100000000000000000000000000000000000000001000000000000000000000000000000000000000000000000000000000000000000000000000000000000000000000000000000000000000000000000000000000000000
0001000000000000010000000000000000000000010001000000100000000000001000000000000000100010000000000000000000000000100000000010000000000010010000000000000000000000000000000000000000000000000000000000000010000000000000001000100000000000000000000000000
1000000001000000010000000000000000000000000100010000100000000000000000000000000000000000000010000000000000000001000000000000000000000010000001000000000000000000000000000000000000100000000000000000000001000000000000000000000000000000000000000000000
0000100001000000000000000000000000000100010000000000000000000000000000100000000000000001000010010000000000000000000000000000000000000000000000000010000000000000000000000000000000110000000000000000000000000000000000000000000000000000000000000001000
0000000001000000000000000010000000000100000000000000000000000000000000100000000000000001000010000000000000000000000000000000000000000000000000000010000000000000000000001000000000000000000000000000000000000001000000000000000000000000000000000000000
1001000000000000000000000000000000000100000000000000000000000000000000000000000000000000000000000000000000100000000000000000000000000000010000000010000000000000000010000000000000000000000000000000000000000000000000000000000000000000000000000000000
0000000000000000000000000000100000010010010000100010000000000100000000000000000000000000000010000000000000000000001000000010000000000000010000000000000000000100000000000000000010000000000000000000000000000010000000000101100000000000000000000000000
0000000000000000000000000000000000000000010000000010000000000000000100000000000000100000000010000000000000000000000000000010000000000000000000000000100000001000000000000000000000000001000000000000000001000000000000000000000000000000000000000000000
0100000000000000000000000000000000010010000000100000000000000100000000000000000000000000000010000000000000100000001000000000010000000000000000000000100000000100000000000000000010000001000000000000000000000100000000000000100000000000000000000000000
0100000000000000000000000000000000000000000100000000000000000000000000000000000000000000000000000000000000000000000000000000000000000000000000000000000000000000000000000000000000000001000000000000000000000000000000000101000000000000000000000000000
1000000000000000000000000000000000010000000000100000000000000000000100000000100000100000000000000000000000001000000000000000000001000010000000000000000000000100000000000000000010010001000000000000000001000000000000000000000000000000000000000000000
0000000000000000010000000000000000010000010000000000000000000000000100000000000000000000000000000000000000000000000000000010000000000000000000000000000000001000000000000000000000000000000000000000000001000000000000000000000000000000000000000000000
0000000000000000000000000000000000010000000000000000000000000100000000000000000000000000000000000000000000000000000000000000010000000000000000000000000000000000000000000000000000000000000000000000000000000000000000001000000000000000000000000000000
0100000000000000000000000000000000010000000000000000000000000100000000000000000000000000000000010000000000100000000010000000010000000000000000000000000000000000000000000000000000000000000000000000000000000000000000000101000000000000000000000000000
0000000000001000000000000000000000000000000000000000000000000000000000000000000000000000000000000000000000000000000000000000000000000000010000000000000000010000000000000000000000000000000000000000000000000000000000001010000000000000000000000000000
0000000000001000000000000000000000000000000000000000000000000000000000000000000000000000000000000000000000100000000000000010000000000000000000000000000000000000000000000000000000000000000000000000000000000000000000000110000000000000000000000000000
0000000000000000000000000000000000000000000000000000000000000000000000001000000000000000000000000000000000000000000000000010000000000000000000000000000000000000000000000000000000000000000000000000000000000000000000000110000000000000000000000000000
0000100000000000000000000010000000010000000000000000000000000000000100000000000000100000000000000000000000000000001000000000000000000000000000000000000000000000000000000000000000000001000010000000000000000001000000000000000000000000000000000000000
0000000001000000000000000000000000000000000000010000000000000000000000000000000000000000000000000000000000000000000000000000000000000000000000000000000000000000000000000000000000000000000000000000000000000000000000000000000000000000000000000000000
1000000001000000000000000010000000000000000000000000000000000000000000000000100000100000000000000001000000000001000000000000000000000000000000000000000000000000000000000000000000000000000000000000000000000000000000000000000000000000000000000001000
0000000000000000000000000010000000000000000000010001000000000000000100000000000000100000000000010000000000000000000000000000000000000000000000000000000000000000000000000000000000000001000000000000000010000000100000000000000000000000000000000000000
0000000001000000000000000010000000000000000000000000000000000000000000000000000000000000000000000000000000000000000000000000000000000000000000000000000000000000000000000000000000000000000000000000000000000000000000000000000000000000000000000001000
0000100000000000000000000000000000000000000000000000000000000000001100000000000000100000000000000001000000000001000000000000000000000000000000000000000000000000000000000000000000000001000000000000000000000001100000000000000000000000000000000000000
0000100000000000000000000000000000000000000000000000000000000000000000000000100000000000000000000000000000000000000000000000000000000000000000000000000000000000000000000000000000000000000000000000000000000000000000000000000000000000000000000000000
1000000001000000000000000000000000000000000000000000000000000000000000000000000000000000000000000000000000000000000000000000000001000000000000000000000000000000000000000000000000000000000000000000000000000000000000000000000000000000000000000001000
0000000001000000000000000000000000010000010000000000000000000000000000000000000000100000000000000001000000000000000000000000000001000000000000000000000000000000000000000000000000000000000000000000000000000000000000000000000000000000000000000000000
0000100000000000000000000000000000000000000000000000000000000000000000000000100000000000000000000001000000000000000000000000000000000000000000000000000000001000000000000000000000000000000010000000000010000000000000000000000000000000000000000000000
1000000000000000000000000000000000000000000000000000000000000000000000000000100000000000000010000000000000000000000000000010100000000000000000000000000000001000000000100000000000010000000000010000000000000000000000000000000000000000000000000000000
0000000000000000000000000000000000000000000000000001000000000000000000000000000000000000000000010000000000001000001000000000000000000000000000000000000000000000000000000000000000000000000010000000000010000100100000000110000000000000000000000000000
0000000000000000000000000000000000000000000000010000000000000000000000000000000000000000000010000000000000000000000000000000000000000000000000000000000000000000000000100000000010000000000000000000000000000000000000000000000000000000000000000000000
0100100000001000000000000000000000000000000000000001000000000000000000000000000000000000000000010000000000001000000000000000000000000000000000000000000000000100000000000000000010000000000010000000000000000000100000000101000000000000000000000000000
0000100000000000000000000000000000000000000000100000000000000000000000000001000000000000000000000000000000000000000000000000000000000000000000000000000000010000000000000000000000000000000000000000000010000000000000000000100000000000000000000000000
0000000000000000000000000000000000000000000000000000000000000000000000000001100000000000000000000000010000000000000000000000000000000000000000000000000000000000000000000000000000000000000000000010000000000000000000000011000000000000000000000000000
0000000000000000000000000000000000000000000000000000000000000000000000000001000000000000000000000000000000000000000000000000000000000000000000000000000000001000000000000000000000000000000000000000000000000000000000000101000000000000000000000000000
0000000000000000000100000000000000000000000000000001000000000000000000000000000000000000000000000000000000000001001000000000000000000000000000000000000000000000000000000000000000000000000000000000000000000000100000000010000000000000000000000000000
1000000001000000000000000010000000000000000000000000000000000000000000000000000000100000000010000000000000001001000000000010000000000000000000000000000010000000000000000000000000000000000000000000000000000000000000000000000000000001000000000001000
0000000000000000000000000000000000000000000000000000000000000000001000000000000000000000000000010000000000000000000000000000000000000000000000000000000000000000000000000000000000000000000000000000000010000001000000000000000000000000000000000000000
0000000000000000000100000000000000000000000000000000000000000000001000000000000000000000000000000000000000000000000000000000000000000000000000000000000000000000000000000000000000000000000010000000000000000000000000000000000000000000000000000000000
0000000000000000000000000000000000000000000000000000000000000000001000000000000000000000000000000000000000000000000000000000000000000000000000000000000000000000000000000000000000000000000010000000000010000000100000000000000000000001000000000000000
0000000000000000000000000000000000000000000000000001000000000000000000000000000000000000000000000000000000000000000000000000000000000000000000000000000010000000000000000000000000000000000000000000000000000000000000000000000000000000000000000000000
0000000000000000000100000000000000000000000000000000000000000000000000000000000000000000000000000000000000000000000000000000000000000000000000000000000010000000000000000000000000000000000000000000000000000000000000000000000000000000000000000000000
0000000000000000000000000000000000000000000000000000000000000000000000000000000000000000000000000000000000000000000000000000000000000000000000000000000010000000000000000000000000000000000000000000000000000000000000000000000000000001000000000000000
0000000000000000000000000000000000000000000000000000000000000000000000000000000000000000000000010000000000000000001000000000000000000000000000000000000010000000000000000000000000000000000000000000000000000000000000000000000000000000000000000000000
0000000000000000000000000000000000000000000000000000000000000000000000000000000000000000000000000000000000000000001000000000000000000000000000000000000010000000000000000000000000000000000000000000000000000000100000000000000000000001000000000000000
0000000000000000000000000000000000000000010000010000000000000000000000000000000000000000000000000000000000000000000000000000000000000000000000000000000000000000000000000000000000000000000000000000000000000000000000000000000000000000000000000000000
0000000000000000000000000000000000000000000000000000000000000000000000000000000000000000000000000000000000000000000000000000100000000001000000000000000000000000000000000000000000000000000000000000000000000000000000000000000000000000000000000000000
0000000000000000000000000000000000000000000000000000000000000000000000000000000000100000000000000000000000000000000000000000100000000000000000000000000000000000000000100000000000000001000000000000000000000000000000000000000000000000000000000000000
1000000000000000000000000000000000000000000000000000000000000000000000000000000000000000000000000000000000000000000000000010100001000000000000000000000000000000000000000000000000000000000000000000000000000000000000000000000000001000000000000000000
0000000000000000000000000000000000000000000000000000000000000000000000000000000000000000000000000000000000000000000000000000000000000000000000000000000000000000000000000000000000000000000000000000000000000000000000000000000000000000000000000001000
0000000000000000000000000000000000000000010000000000000000000000000000000000000000000000000000000000000000000000000000000000000000000000000000000000000000000000000000000000000000000000000000000000000000000000000000000000000000000000000000000001000
0000000000000000000000000000000000000000000000000000000000000000000000000000000000000000000000100000000000000001000000000000000000000000000000000000000000000000000000000000000000000000000000000000000000000000000000000000000000000000000000000001000
1000000000000000000000000000000000000000000000000000000000000000000000000000000000000000000000000000000000000000000000000010100000000000000000000000000000000000000000000000000000000000000000000000000000000000000000000000000000000000000000000000000
0000000000000000000000000000000000000000000000000000000000000000000000000000000000000000000000000000000000000000000000000000100001000000000000000000000000000000000000000000000000000000000000000000000000000000000000000000000000000000000000000000000
0000000000000000000001000000000000000000000000000000000000000000000000000000000000000000000000000000000000000000000000000000100000000000000000000000000000000000000000000000000000000000000000000000000000000000000000000000000000000000000000000000000
0000000000000000000000000000000000000000000000000000000100001000000000000000000000000000000000000000001000000100000000000000000000000000000000000000000000000000000000000000100001000010000000000000000000001000000000000000000000000000000000000001000
0000000000000000000000000000000000000000000000000000000000000000000000000000000000000000000000000000000000000000000000000000000000000000000000000000000000000000000000000000000000000000000010000000000000000100000000000000000000000000000000000001000
0000000000000000000000000000000000000000000000000000000000000000000000000000000000000000000010000000000000000000000000000000000000000000010000000000000000000000000000000000000000000000000000000000000000000000000000000000000000000000000000000001000
0000000000000000000000000000000000000000000000000000000000000000000000000000000000000000000000100000000000000000000000000000100000000000000000000000000000000000000000000000000000000000000000000000000000000000000000000000000000000000000000000000000
0000000000000000000000000000000000000000000000000000000000100000000000000000000000100000000000000000000000000000000000000000000000000000000000000000000000000000000000000100000000000000000000000000000000000000000000000000000000000000000000000000000
0000000001000000000000000000000000010000000000000000000000000000000000000000000000000000000010000000000000000000000000000000000000000000000000000000000000000000000000000000000000000000000000000000000000000000000000000000000000000000000000000000000
0000000000000000000000000000000000000000000000000000000000000000000000000000000000000000000010000000000000000001000000000000000000000000000000000000000000000000000000000000000000000000000000000000000000000000000000000000000000000000000000000000000
0000000000000000000000000000000000000000000000000000000000000000000000000000000000000000000000000000000000000000000000000000000000000000000000000000000000000000000000000000000000000000000000000000000000000000000000000000000000000000000000000001000
0000000000000000000000000000000000000000000000000000000000000000000000000000000000000000000000000001000000000000000000000000100000000000000000000000000000000000000000000000000000000000000000000000000000000000000000000000000000000000000000000000000
0000000001000000000000000000000000000000000000000000000000000000000000000000000000000000000000000000000000000000000000000000100000000000010000000000000000000000000000000000000000000000000000000000000000000000000000000000000000000000000000000001000
0000000001000000000000000000000000000000000000000000000000000000000000000000000000000000000010000000000000000000000000000000000000000000000000000000000000000000000000000000000000000000000000000000000000000000000000000000000000000000000000000000000
0000000000000000000000000000000000000000000000010000000000000000000000000000000000000000000010000000000000000001000000000000000000000000000000000000000000000000000000000000000000000000000000000000000000000000000000000000000000000000000000000000000
0000000001000000000000000000000000000000000000000000000000000000000000000000000000000000000000000000000000000000000000000000100000000000000000000000000000000000000000000000000000000000000000000000000000000000000000000000000000000000000000000000000
0000000001000000000000000000000000000000000000000000000000000000000000000000000000100000000000000001000000000000000000000000100000000000000000000000000000000000000000000000000000000000000000000000000000000000000000000000000000000000000000000000000
0000000001000000000000000000000000000000000000000000000000000000001000000000000000000000000000000000000000000000000000000000000000000000010000000000000000000000000000000000000000000000000000000000000000000000000000000000000000000000000000000000000
0000000001000000000000000000000000000000000000000000000000000000000000000000000000000000000000000000000000000000000000000000000000000000000000000010000000000000000000001000000000010000000000000000000000000000000000000000000000000000000000000000000
0000000000000000000000000000000000000000000000000000000000000000000000000000100000000000000000100000000000000000000000000000000000000000000000000000000000000000000000000000000000000000000000000000000000000000000000000000000000000000000000000000000
0000000000000000000000000000000000000000000000100000000000000000000000000000100000000000000000100000000000000000000000000000000000000000000000000000000000000000000000000000000000000000000000000000000000000000000000000000000000000000000000000000000
0000000000000000000000000000000000000000000000000000000000000000000000000000000000000000000000100000000000000000000000000000000000000000000000000000000000001000000000000000000000000000000000000000000000000000000000000000000000000000000000000000000
0000000000000000000000000000000000000000000000100000000000000000000000000000000000000000000000100000000000000000000000000000000000000000000000000000000000001000000000000000000000000000000000000000000000000000000000000000000000000000000000000000000
0000000000000000000000000000000000000000000000100000000000000000000000000000100000000000000000100000000000000000000000000000000000000000000000000000000000001000000000000000000000000000000000000000000000000000000000000000000000000000000000000000000
0000000000000000000000000000000000000000000000000000000000000000000000000000100000000000000000100000000000000000000000000000000000000000000000000000000000001000000000000000000000000000000000000000000000000000000000000000000000000000000000000000000
0000000000000000000000000010000000000000000000000000000000000000000000000000000000000000000000000000000000000000000000000000000000000000000000000000000000000000000000000000000000000000000000000000000000000000000000000000000000000000000000000001000
0000000000000000000000000010000000000000000000000000000000000000000000000000000000000000000000001000000000000000000000000000000000000000000000000000000000000000000000000000000000000000000010000000000000000000000000000000000000000000000000000001000
0000000001000000000000000000000000000000000000000000000000000000000000000000000000000000000000000000000000000000000000000000000000000000000000000000000000000000000000000000000000000000000000000000000010000000000000000000000000000000000000000000000
0000000000000000000000000000000000000000000000000000000000000000000000000001100000000000000000000000000000000000000000000000000000000000000000000000000000001000000000000000000000000000000000000000000000000000000000000000000000000000000000000000000
0000000000000000000000000000000000000000000000100000000000000000000000000001100000000000000000000000000000000000000000000000000000000000000000000000000000001000000000000000000000000000000000000000000000000000000000000000000000000000000000000000000
0000000000000000000000000000000000000000000000100000000000000000000000000001000000000000000000000000000000000000000000000000000000000000000000000000000000001000000000000000000000000000000000000000000000000000000000000000000000000000000000000000000
0000000000000000000000000000000000000000000000100000000000000000000000000001100000000000000000000000000000000000000000000000000000000000000000000000000000000000000000000000000000000000000000000000000000000000000000000000000000000000000000000000000
