1110110
0000000
0111101
0010001
0010001
0010010
0010000
0010000
0010000
0010001
0010001
0010000
0010000
0010000
0010000
0010000
0010110
0010110
0010010
0110010
0010110
0010100
0010000
0010010
0010000
0010000
0010100
0010000
0010100
0010100
0110000
0010000
0010000
0010000
0010000
0010000
0100110
0000001
0010000
0110000
0110110
0100111
0100011
0010000
0010000
0110111
0000011
0110100
0110101
0000001
0000000
0100001
0110111
0100101
0100010
0100010
0100010
0100001
0000001
0100010
0100101
0000101
0100001
0100111
0100001
0000101
0100000
0100110
0000101
0100101
0100001
0000010
0100010
0000100
0000000
0100000
0100010
0100100
0000000
0000000
0100001
0000111
0000011
0000101
0100101
0000000
0000100
0100111
0000100
0100100
0000000
0100000
0000100
0100100
0000010
0000100
0000100
0000100
0000100
0000100
0100101
0000010
0000010
0100001
0100100
0100010
0100100
0100110
0100000
0100011
0100111
0100101
0100111
0000011
0100101
0100100
0100110
0100001
0000011
0100001
0100101
0000101
0000001
0000001
0000100
0000101