1100010
0010100
0001000
0101100
0101100
0111100
0111100
0110100
0110000
0000100
0101100
1100000
1000100
1001100
1000100
1011000
0000000
1101000
1100000
1101000
1101000
1010000
1001101
1011000
1101000
1101000
0101000
1101100
1101000
1101000
1101100
1101100
0101100
1100100
1000000
0101100
0101100
0001100
0101100
0101100
1101100
0000100
0101100
0001100
0101100
0001100
0101100
0001000
0101100
0001000
1001000
1001000
0001100
0001000
1001000
0001000
0001000
0000000
0001000
0000000
1001000
1000000
0000000
1000000
0000000
0000000
0000000
0000000
1000000
1000000
1000000
0000000
0000100
0000000
0000000
0000000
1000000
0000000
1000000
0000000
0000000
0000000
0000000
1000000
0000000
0000000
0000000
0000000
1000000
1000100
0000100
0000000
0000000
1000000
0000000
0000100
1000000
1000100
0000000

