11001100110011001100110011001100001100110011001100110011001100110011001100110011001100110011001111001100110011001100110011001100011001100110011001100110011001111001100110011001100110011001100110011001100110011001100110011000011001100110011001100110011001
00001111000011111111000011110000000011110000111111110000111100000000111100001111111100001111000000001111000011111111000011110001111000011110000000011110000111111110000111100000000111100001111111100001111000000001111000011111111000011110000000011110000111
11111111000000001111111100000000111111110000000011111111000000001111111100000000111111110000000011111111000000001111111100000000000000011111111000000001111111100000000111111110000000011111111000000001111111100000000111111110000000011111111000000001111111
11110000000011111111000000001111000011111111000000001111111100001111000000001111111100000000111100001111111100000000111111110000000111111110000000011111111000011110000000011111111000000001111000011111111000000001111111100001111000000001111111100000000111
11110000000011111111000000001111000011111111000000001111111100001111000000001111111100000000111100001111111100000000111111110000000111111110000000011111111000011110000000011111111000000001111000011111111000000001111111100001111000000001111111100000000111
00001111111100001111000000001111111100000000111100001111111100000000111111110000111100000000111111110000000011110000111111110001111000000001111000011111111000000001111111100001111000000001111111100000000111100001111111100000000111111110000111100000000111
00001111111100001111000000001111111100000000111100001111111100000000111111110000111100000000111111110000000011110000111111110001111000000001111000011111111000000001111111100001111000000001111111100000000111100001111111100000000111111110000111100000000111
11110000111100000000111100001111000011110000111111110000111100001111000011110000000011110000111100001111000011111111000011110000000111100001111111100001111000011110000111100000000111100001111000011110000111111110000111100001111000011110000000011110000111
00000000000000001111111111111111111111111111111100000000000000000000000000000000111111111111111111111111111111110000000000000001111111111111111000000000000000000000000000000001111111111111111111111111111111100000000000000000000000000000000111111111111111
11110000111100001111000011110000111100001111000011110000111100001111000011110000111100001111000011110000111100001111000011110000000111100001111000011110000111100001111000011110000111100001111000011110000111100001111000011110000111100001111000011110000111
11110000000011111111000000001111000011111111000000001111111100001111000000001111111100000000111100001111111100000000111111110000000111111110000000011111111000011110000000011111111000000001111000011111111000000001111111100001111000000001111111100000000111
00000000000000000000000000000000111111111111111111111111111111111111111111111111111111111111111100000000000000000000000000000001111111111111111111111111111111100000000000000000000000000000000000000000000000000000000000000001111111111111111111111111111111
00001111000011110000111100001111000011110000111100001111000011111111000011110000111100001111000011110000111100001111000011110001111000011110000111100001111000011110000111100001111000011110000000011110000111100001111000011110000111100001111000011110000111
11110000000011111111000000001111111100000000111111110000000011110000111111110000000011111111000000001111111100000000111111110000000111111110000000011111111000000001111111100000000111111110000111100000000111111110000000011111111000000001111111100000000111
00001111000011110000111100001111000011110000111100001111000011111111000011110000111100001111000011110000111100001111000011110001111000011110000111100001111000011110000111100001111000011110000000011110000111100001111000011110000111100001111000011110000111
11111111000000000000000011111111111111110000000000000000111111110000000011111111111111110000000000000000111111111111111100000000000000011111111111111110000000000000000111111111111111100000000111111110000000000000000111111111111111100000000000000001111111
00000000000000000000000000000000000000000000000000000000000000000000000000000000000000000000000000000000000000000000000000000001111111111111111111111111111111111111111111111111111111111111111111111111111111111111111111111111111111111111111111111111111111
11111111000000001111111100000000000000001111111100000000111111110000000011111111000000001111111111111111000000001111111100000000000000011111111000000001111111111111111000000001111111100000000111111110000000011111111000000000000000011111111000000001111111
00000000000000000000000000000000111111111111111111111111111111111111111111111111111111111111111100000000000000000000000000000001111111111111111111111111111111100000000000000000000000000000000000000000000000000000000000000001111111111111111111111111111111
11111111000000001111111100000000000000001111111100000000111111110000000011111111000000001111111111111111000000001111111100000000000000011111111000000001111111111111111000000001111111100000000111111110000000011111111000000000000000011111111000000001111111
11111111000000001111111100000000000000001111111100000000111111110000000011111111000000001111111111111111000000001111111100000000000000011111111000000001111111111111111000000001111111100000000111111110000000011111111000000000000000011111111000000001111111
00000000000000001111111111111111000000000000000011111111111111111111111111111111000000000000000011111111111111110000000000000001111111111111111000000000000000011111111111111110000000000000000000000000000000011111111111111110000000000000000111111111111111
01011010101001010101101010100101010110101010010101011010101001011010010101011010101001010101101010100101010110101010010101011011010010101011010101001010101101010100101010110101010010101011010010110101010010101011010101001010101101010100101010110101010010
11111111000000000000000011111111111111110000000000000000111111110000000011111111111111110000000000000000111111111111111100000000000000011111111111111110000000000000000111111111111111100000000111111110000000000000000111111111111111100000000000000001111111
11111111000000001111111100000000000000001111111100000000111111110000000011111111000000001111111111111111000000001111111100000000000000011111111000000001111111111111111000000001111111100000000111111110000000011111111000000000000000011111111000000001111111
11111111000000001111111100000000000000001111111100000000111111110000000011111111000000001111111111111111000000001111111100000000000000011111111000000001111111111111111000000001111111100000000111111110000000011111111000000000000000011111111000000001111111
00000000111111110000000011111111111111110000000011111111000000000000000011111111000000001111111111111111000000001111111100000001111111100000000111111110000000000000000111111110000000011111111111111110000000011111111000000000000000011111111000000001111111
00001111111100000000111111110000111100000000111111110000000011111111000000001111111100000000111100001111111100000000111111110001111000000001111111100000000111100001111111100000000111111110000000011111111000000001111111100001111000000001111111100000000111
11111111000000001111111100000000000000001111111100000000111111110000000011111111000000001111111111111111000000001111111100000000000000011111111000000001111111111111111000000001111111100000000111111110000000011111111000000000000000011111111000000001111111
11111111000000001111111100000000000000001111111100000000111111110000000011111111000000001111111111111111000000001111111100000000000000011111111000000001111111111111111000000001111111100000000111111110000000011111111000000000000000011111111000000001111111
00001111111100000000111111110000111100000000111111110000000011111111000000001111111100000000111100001111111100000000111111110001111000000001111111100000000111100001111111100000000111111110000000011111111000000001111111100001111000000001111111100000000111
00001111111100000000111111110000111100000000111111110000000011111111000000001111111100000000111100001111111100000000111111110001111000000001111111100000000111100001111111100000000111111110000000011111111000000001111111100001111000000001111111100000000111
11110000000011111111000000001111000011111111000000001111111100001111000000001111111100000000111100001111111100000000111111110000000111111110000000011111111000011110000000011111111000000001111000011111111000000001111111100001111000000001111111100000000111
11110000111100001111000011110000000011110000111100001111000011110000111100001111000011110000111111110000111100001111000011110000000111100001111000011110000111111110000111100001111000011110000111100001111000011110000111100000000111100001111000011110000111
11111111111111111111111111111111111111111111111111111111111111110000000000000000000000000000000000000000000000000000000000000000000000000000000000000000000000000000000000000000000000000000000111111111111111111111111111111111111111111111111111111111111111
11110000000011111111000000001111000011111111000000001111111100001111000000001111111100000000111100001111111100000000111111110000000111111110000000011111111000011110000000011111111000000001111000011111111000000001111111100001111000000001111111100000000111
11110000000011111111000000001111000011111111000000001111111100001111000000001111111100000000111100001111111100000000111111110000000111111110000000011111111000011110000000011111111000000001111000011111111000000001111111100001111000000001111111100000000111
00001111111100000000111111110000000011111111000000001111111100000000111111110000000011111111000000001111111100000000111111110001111000000001111111100000000111111110000000011111111000000001111111100000000111111110000000011111111000000001111111100000000111
11110000000011111111000000001111000011111111000000001111111100001111000000001111111100000000111100001111111100000000111111110000000111111110000000011111111000011110000000011111111000000001111000011111111000000001111111100001111000000001111111100000000111
11110000000011111111000000001111000011111111000000001111111100001111000000001111111100000000111100001111111100000000111111110000000111111110000000011111111000011110000000011111111000000001111000011111111000000001111111100001111000000001111111100000000111
00001111111100000000111111110000111100000000111111110000000011111111000000001111111100000000111100001111111100000000111111110001111000000001111111100000000111100001111111100000000111111110000000011111111000000001111111100001111000000001111111100000000111
11110000111100001111000011110000111100001111000011110000111100001111000011110000111100001111000011110000111100001111000011110000000111100001111000011110000111100001111000011110000111100001111000011110000111100001111000011110000111100001111000011110000111
11110000000011111111000000001111000011111111000000001111111100001111000000001111111100000000111100001111111100000000111111110000000111111110000000011111111000011110000000011111111000000001111000011111111000000001111111100001111000000001111111100000000111
00001111111100000000111111110000000011111111000000001111111100000000111111110000000011111111000000001111111100000000111111110001111000000001111111100000000111111110000000011111111000000001111111100000000111111110000000011111111000000001111111100000000111
11110000000011111111000000001111000011111111000000001111111100001111000000001111111100000000111100001111111100000000111111110000000111111110000000011111111000011110000000011111111000000001111000011111111000000001111111100001111000000001111111100000000111
00001111111100000000111111110000000011111111000000001111111100000000111111110000000011111111000000001111111100000000111111110001111000000001111111100000000111111110000000011111111000000001111111100000000111111110000000011111111000000001111111100000000111
11110000000011111111000000001111000011111111000000001111111100001111000000001111111100000000111100001111111100000000111111110000000111111110000000011111111000011110000000011111111000000001111000011111111000000001111111100001111000000001111111100000000111
11111111000000001111111100000000111111110000000011111111000000001111111100000000111111110000000011111111000000001111111100000000000000011111111000000001111111100000000111111110000000011111111000000001111111100000000111111110000000011111111000000001111111
11110000000011111111000000001111000011111111000000001111111100001111000000001111111100000000111100001111111100000000111111110000000111111110000000011111111000011110000000011111111000000001111000011111111000000001111111100001111000000001111111100000000111
11111111000000001111111100000000111111110000000011111111000000001111111100000000111111110000000011111111000000001111111100000000000000011111111000000001111111100000000111111110000000011111111000000001111111100000000111111110000000011111111000000001111111
00000000111111110000000011111111000000001111111100000000111111111111111100000000111111110000000011111111000000001111111100000001111111100000000111111110000000011111111000000001111111100000000000000001111111100000000111111110000000011111111000000001111111
00000000111111110000000011111111000000001111111100000000111111111111111100000000111111110000000011111111000000001111111100000001111111100000000111111110000000011111111000000001111111100000000000000001111111100000000111111110000000011111111000000001111111
00001111111100000000111111110000000011111111000000001111111100000000111111110000000011111111000000001111111100000000111111110001111000000001111111100000000111111110000000011111111000000001111111100000000111111110000000011111111000000001111111100000000111
11111111000000001111111100000000111111110000000011111111000000001111111100000000111111110000000011111111000000001111111100000000000000011111111000000001111111100000000111111110000000011111111000000001111111100000000111111110000000011111111000000001111111
00000000111111110000000011111111000000001111111100000000111111111111111100000000111111110000000011111111000000001111111100000001111111100000000111111110000000011111111000000001111111100000000000000001111111100000000111111110000000011111111000000001111111
11111111000000001111111100000000111111110000000011111111000000001111111100000000111111110000000011111111000000001111111100000000000000011111111000000001111111100000000111111110000000011111111000000001111111100000000111111110000000011111111000000001111111
11111111000000001111111100000000111111110000000011111111000000001111111100000000111111110000000011111111000000001111111100000000000000011111111000000001111111100000000111111110000000011111111000000001111111100000000111111110000000011111111000000001111111
00000000000000000000000000000000000000000000000000000000000000000000000000000000000000000000000000000000000000000000000000000001111111111111111111111111111111111111111111111111111111111111111111111111111111111111111111111111111111111111111111111111111111
11111111000000001111111100000000111111110000000011111111000000001111111100000000111111110000000011111111000000001111111100000000000000011111111000000001111111100000000111111110000000011111111000000001111111100000000111111110000000011111111000000001111111
00000000000000000000000000000000000000000000000000000000000000000000000000000000000000000000000000000000000000000000000000000001111111111111111111111111111111111111111111111111111111111111111111111111111111111111111111111111111111111111111111111111111111
00000000111111110000000011111111000000001111111100000000111111111111111100000000111111110000000011111111000000001111111100000001111111100000000111111110000000011111111000000001111111100000000000000001111111100000000111111110000000011111111000000001111111
11111111111111111111111111111111111111111111111111111111111111110000000000000000000000000000000000000000000000000000000000000000000000000000000000000000000000000000000000000000000000000000000111111111111111111111111111111111111111111111111111111111111111
00000000000000000000000000000000000000000000000000000000000000000000000000000000000000000000000000000000000000000000000000000001111111111111111111111111111111111111111111111111111111111111111111111111111111111111111111111111111111111111111111111111111111
11111111111111111111111111111111111111111111111111111111111111110000000000000000000000000000000000000000000000000000000000000000000000000000000000000000000000000000000000000000000000000000000111111111111111111111111111111111111111111111111111111111111111
00000000000000000000000000000000000000000000000000000000000000000000000000000000000000000000000000000000000000000000000000000001111111111111111111111111111111111111111111111111111111111111111111111111111111111111111111111111111111111111111111111111111111
00000000000000000000000000000000000000000000000000000000000000000000000000000000000000000000000000000000000000000000000000000001111111111111111111111111111111111111111111111111111111111111111111111111111111111111111111111111111111111111111111111111111111
00000000000000000000000000000000000000000000000000000000000000000000000000000000000000000000000000000000000000000000000000000001111111111111111111111111111111111111111111111111111111111111111111111111111111111111111111111111111111111111111111111111111111
00000000000000000000000000000000000000000000000000000000000000000000000000000000000000000000000000000000000000000000000000000001111111111111111111111111111111111111111111111111111111111111111111111111111111111111111111111111111111111111111111111111111111
11111111111111111111111111111111111111111111111111111111111111110000000000000000000000000000000000000000000000000000000000000000000000000000000000000000000000000000000000000000000000000000000111111111111111111111111111111111111111111111111111111111111111
11111111111111111111111111111111111111111111111111111111111111110000000000000000000000000000000000000000000000000000000000000000000000000000000000000000000000000000000000000000000000000000000111111111111111111111111111111111111111111111111111111111111111
11111111111111111111111111111111111111111111111111111111111111110000000000000000000000000000000000000000000000000000000000000000000000000000000000000000000000000000000000000000000000000000000111111111111111111111111111111111111111111111111111111111111111
00000000000000000000000000000000000000000000000000000000000000000000000000000000000000000000000000000000000000000000000000000001111111111111111111111111111111111111111111111111111111111111111111111111111111111111111111111111111111111111111111111111111111
11110000111100001111000011110000111100001111000011110000111100001111000011110000111100001111000011110000111100001111000011110000000111100001111000011110000111100001111000011110000111100001111000011110000111100001111000011110000111100001111000011110000111
00000000000000000000000000000000000000000000000000000000000000000000000000000000000000000000000000000000000000000000000000000001111111111111111111111111111111111111111111111111111111111111111111111111111111111111111111111111111111111111111111111111111111
00000000000000000000000000000000000000000000000000000000000000000000000000000000000000000000000000000000000000000000000000000001111111111111111111111111111111111111111111111111111111111111111111111111111111111111111111111111111111111111111111111111111111
00000000000000000000000000000000000000000000000000000000000000000000000000000000000000000000000000000000000000000000000000000001111111111111111111111111111111111111111111111111111111111111111111111111111111111111111111111111111111111111111111111111111111
11111111111111111111111111111111111111111111111111111111111111110000000000000000000000000000000000000000000000000000000000000000000000000000000000000000000000000000000000000000000000000000000111111111111111111111111111111111111111111111111111111111111111
00000000000000000000000000000000000000000000000000000000000000000000000000000000000000000000000000000000000000000000000000000001111111111111111111111111111111111111111111111111111111111111111111111111111111111111111111111111111111111111111111111111111111
11111111111111111111111111111111111111111111111111111111111111110000000000000000000000000000000000000000000000000000000000000000000000000000000000000000000000000000000000000000000000000000000111111111111111111111111111111111111111111111111111111111111111
00000000000000000000000000000000000000000000000000000000000000000000000000000000000000000000000000000000000000000000000000000001111111111111111111111111111111111111111111111111111111111111111111111111111111111111111111111111111111111111111111111111111111
00000000000000000000000000000000000000000000000000000000000000000000000000000000000000000000000000000000000000000000000000000001111111111111111111111111111111111111111111111111111111111111111111111111111111111111111111111111111111111111111111111111111111
00000000000000000000000000000000000000000000000000000000000000000000000000000000000000000000000000000000000000000000000000000001111111111111111111111111111111111111111111111111111111111111111111111111111111111111111111111111111111111111111111111111111111
00000000000000000000000000000000000000000000000000000000000000000000000000000000000000000000000000000000000000000000000000000001111111111111111111111111111111111111111111111111111111111111111111111111111111111111111111111111111111111111111111111111111111
11111111111111111111111111111111111111111111111111111111111111110000000000000000000000000000000000000000000000000000000000000000000000000000000000000000000000000000000000000000000000000000000111111111111111111111111111111111111111111111111111111111111111
00000000000000000000000000000000000000000000000000000000000000000000000000000000000000000000000000000000000000000000000000000001111111111111111111111111111111111111111111111111111111111111111111111111111111111111111111111111111111111111111111111111111111
00000000000000000000000000000000000000000000000000000000000000000000000000000000000000000000000000000000000000000000000000000001111111111111111111111111111111111111111111111111111111111111111111111111111111111111111111111111111111111111111111111111111111
00000000000000000000000000000000000000000000000000000000000000000000000000000000000000000000000000000000000000000000000000000001111111111111111111111111111111111111111111111111111111111111111111111111111111111111111111111111111111111111111111111111111111
00000000000000000000000000000000000000000000000000000000000000000000000000000000000000000000000000000000000000000000000000000001111111111111111111111111111111111111111111111111111111111111111111111111111111111111111111111111111111111111111111111111111111
11111111111111111111111111111111111111111111111111111111111111110000000000000000000000000000000000000000000000000000000000000000000000000000000000000000000000000000000000000000000000000000000111111111111111111111111111111111111111111111111111111111111111
00001111000011110000111100001111000011110000111100001111000011111111000011110000111100001111000011110000111100001111000011110001111000011110000111100001111000011110000111100001111000011110000000011110000111100001111000011110000111100001111000011110000111
11110000111100001111000011110000111100001111000011110000111100001111000011110000111100001111000011110000111100001111000011110000000111100001111000011110000111100001111000011110000111100001111000011110000111100001111000011110000111100001111000011110000111
00000000000000000000000000000000000000000000000000000000000000000000000000000000000000000000000000000000000000000000000000000001111111111111111111111111111111111111111111111111111111111111111111111111111111111111111111111111111111111111111111111111111111
00000000000000000000000000000000000000000000000000000000000000000000000000000000000000000000000000000000000000000000000000000001111111111111111111111111111111111111111111111111111111111111111111111111111111111111111111111111111111111111111111111111111111
11111111111111111111111111111111111111111111111111111111111111110000000000000000000000000000000000000000000000000000000000000000000000000000000000000000000000000000000000000000000000000000000111111111111111111111111111111111111111111111111111111111111111
00000000000000000000000000000000000000000000000000000000000000000000000000000000000000000000000000000000000000000000000000000001111111111111111111111111111111111111111111111111111111111111111111111111111111111111111111111111111111111111111111111111111111
11110000111100001111000011110000111100001111000011110000111100001111000011110000111100001111000011110000111100001111000011110000000111100001111000011110000111100001111000011110000111100001111000011110000111100001111000011110000111100001111000011110000111
11111111111111111111111111111111111111111111111111111111111111110000000000000000000000000000000000000000000000000000000000000000000000000000000000000000000000000000000000000000000000000000000111111111111111111111111111111111111111111111111111111111111111
00001111000011110000111100001111000011110000111100001111000011111111000011110000111100001111000011110000111100001111000011110001111000011110000111100001111000011110000111100001111000011110000000011110000111100001111000011110000111100001111000011110000111
00000000000000000000000000000000000000000000000000000000000000000000000000000000000000000000000000000000000000000000000000000001111111111111111111111111111111111111111111111111111111111111111111111111111111111111111111111111111111111111111111111111111111
