1100110011001100110011001100110000110011001100110011001100110011001100110011001100110011001100111100110011001100110011001100110
0000111100001111111100001111000000001111000011111111000011110000000011110000111111110000111100000000111100001111111100001111000
1111111100000000111111110000000011111111000000001111111100000000111111110000000011111111000000001111111100000000111111110000000
1111000000001111111100000000111100001111111100000000111111110000111100000000111111110000000011110000111111110000000011111111000
1111000000001111111100000000111100001111111100000000111111110000111100000000111111110000000011110000111111110000000011111111000
0000111111110000111100000000111111110000000011110000111111110000000011111111000011110000000011111111000000001111000011111111000
0000111111110000111100000000111111110000000011110000111111110000000011111111000011110000000011111111000000001111000011111111000
1111000011110000000011110000111100001111000011111111000011110000111100001111000000001111000011110000111100001111111100001111000
0000000000000000111111111111111111111111111111110000000000000000000000000000000011111111111111111111111111111111000000000000000
1111000011110000111100001111000011110000111100001111000011110000111100001111000011110000111100001111000011110000111100001111000
1111000000001111111100000000111100001111111100000000111111110000111100000000111111110000000011110000111111110000000011111111000
0000000000000000000000000000000011111111111111111111111111111111111111111111111111111111111111110000000000000000000000000000000
0000111100001111000011110000111100001111000011110000111100001111111100001111000011110000111100001111000011110000111100001111000
1111000000001111111100000000111111110000000011111111000000001111000011111111000000001111111100000000111111110000000011111111000
0000111100001111000011110000111100001111000011110000111100001111111100001111000011110000111100001111000011110000111100001111000
1111111100000000000000001111111111111111000000000000000011111111000000001111111111111111000000000000000011111111111111110000000
0000000000000000000000000000000000000000000000000000000000000000000000000000000000000000000000000000000000000000000000000000000
1111111100000000111111110000000000000000111111110000000011111111000000001111111100000000111111111111111100000000111111110000000
0000000000000000000000000000000011111111111111111111111111111111111111111111111111111111111111110000000000000000000000000000000
1111111100000000111111110000000000000000111111110000000011111111000000001111111100000000111111111111111100000000111111110000000
1111111100000000111111110000000000000000111111110000000011111111000000001111111100000000111111111111111100000000111111110000000
0000000000000000111111111111111100000000000000001111111111111111111111111111111100000000000000001111111111111111000000000000000
0101101010100101010110101010010101011010101001010101101010100101101001010101101010100101010110101010010101011010101001010101101
1111111100000000000000001111111111111111000000000000000011111111000000001111111111111111000000000000000011111111111111110000000
1111111100000000111111110000000000000000111111110000000011111111000000001111111100000000111111111111111100000000111111110000000
1111111100000000111111110000000000000000111111110000000011111111000000001111111100000000111111111111111100000000111111110000000
0000000011111111000000001111111111111111000000001111111100000000000000001111111100000000111111111111111100000000111111110000000
0000111111110000000011111111000011110000000011111111000000001111111100000000111111110000000011110000111111110000000011111111000
1111111100000000111111110000000000000000111111110000000011111111000000001111111100000000111111111111111100000000111111110000000
1111111100000000111111110000000000000000111111110000000011111111000000001111111100000000111111111111111100000000111111110000000
0000111111110000000011111111000011110000000011111111000000001111111100000000111111110000000011110000111111110000000011111111000
0000111111110000000011111111000011110000000011111111000000001111111100000000111111110000000011110000111111110000000011111111000
1111000000001111111100000000111100001111111100000000111111110000111100000000111111110000000011110000111111110000000011111111000
1111000011110000111100001111000000001111000011110000111100001111000011110000111100001111000011111111000011110000111100001111000
1111111111111111111111111111111111111111111111111111111111111111000000000000000000000000000000000000000000000000000000000000000
1111000000001111111100000000111100001111111100000000111111110000111100000000111111110000000011110000111111110000000011111111000
1111000000001111111100000000111100001111111100000000111111110000111100000000111111110000000011110000111111110000000011111111000
0000111111110000000011111111000000001111111100000000111111110000000011111111000000001111111100000000111111110000000011111111000
1111000000001111111100000000111100001111111100000000111111110000111100000000111111110000000011110000111111110000000011111111000
1111000000001111111100000000111100001111111100000000111111110000111100000000111111110000000011110000111111110000000011111111000
0000111111110000000011111111000011110000000011111111000000001111111100000000111111110000000011110000111111110000000011111111000
1111000011110000111100001111000011110000111100001111000011110000111100001111000011110000111100001111000011110000111100001111000
1111000000001111111100000000111100001111111100000000111111110000111100000000111111110000000011110000111111110000000011111111000
0000111111110000000011111111000000001111111100000000111111110000000011111111000000001111111100000000111111110000000011111111000
1111000000001111111100000000111100001111111100000000111111110000111100000000111111110000000011110000111111110000000011111111000
0000111111110000000011111111000000001111111100000000111111110000000011111111000000001111111100000000111111110000000011111111000
1111000000001111111100000000111100001111111100000000111111110000111100000000111111110000000011110000111111110000000011111111000
1111111100000000111111110000000011111111000000001111111100000000111111110000000011111111000000001111111100000000111111110000000
1111000000001111111100000000111100001111111100000000111111110000111100000000111111110000000011110000111111110000000011111111000
1111111100000000111111110000000011111111000000001111111100000000111111110000000011111111000000001111111100000000111111110000000
0000000011111111000000001111111100000000111111110000000011111111111111110000000011111111000000001111111100000000111111110000000
0000000011111111000000001111111100000000111111110000000011111111111111110000000011111111000000001111111100000000111111110000000
0000111111110000000011111111000000001111111100000000111111110000000011111111000000001111111100000000111111110000000011111111000
1111111100000000111111110000000011111111000000001111111100000000111111110000000011111111000000001111111100000000111111110000000
0000000011111111000000001111111100000000111111110000000011111111111111110000000011111111000000001111111100000000111111110000000
1111111100000000111111110000000011111111000000001111111100000000111111110000000011111111000000001111111100000000111111110000000
1111111100000000111111110000000011111111000000001111111100000000111111110000000011111111000000001111111100000000111111110000000
0000000000000000000000000000000000000000000000000000000000000000000000000000000000000000000000000000000000000000000000000000000
1111111100000000111111110000000011111111000000001111111100000000111111110000000011111111000000001111111100000000111111110000000
0000000000000000000000000000000000000000000000000000000000000000000000000000000000000000000000000000000000000000000000000000000
0000000011111111000000001111111100000000111111110000000011111111111111110000000011111111000000001111111100000000111111110000000
1111111111111111111111111111111111111111111111111111111111111111000000000000000000000000000000000000000000000000000000000000000
0000000000000000000000000000000000000000000000000000000000000000000000000000000000000000000000000000000000000000000000000000000
1111111111111111111111111111111111111111111111111111111111111111000000000000000000000000000000000000000000000000000000000000000
0000000000000000000000000000000000000000000000000000000000000000000000000000000000000000000000000000000000000000000000000000000
0000000000000000000000000000000000000000000000000000000000000000000000000000000000000000000000000000000000000000000000000000000
0000000000000000000000000000000000000000000000000000000000000000000000000000000000000000000000000000000000000000000000000000000
0000000000000000000000000000000000000000000000000000000000000000000000000000000000000000000000000000000000000000000000000000000
1111111111111111111111111111111111111111111111111111111111111111000000000000000000000000000000000000000000000000000000000000000
1111111111111111111111111111111111111111111111111111111111111111000000000000000000000000000000000000000000000000000000000000000
1111111111111111111111111111111111111111111111111111111111111111000000000000000000000000000000000000000000000000000000000000000
0000000000000000000000000000000000000000000000000000000000000000000000000000000000000000000000000000000000000000000000000000000
1111000011110000111100001111000011110000111100001111000011110000111100001111000011110000111100001111000011110000111100001111000
0000000000000000000000000000000000000000000000000000000000000000000000000000000000000000000000000000000000000000000000000000000
0000000000000000000000000000000000000000000000000000000000000000000000000000000000000000000000000000000000000000000000000000000
0000000000000000000000000000000000000000000000000000000000000000000000000000000000000000000000000000000000000000000000000000000
1111111111111111111111111111111111111111111111111111111111111111000000000000000000000000000000000000000000000000000000000000000
0000000000000000000000000000000000000000000000000000000000000000000000000000000000000000000000000000000000000000000000000000000
1111111111111111111111111111111111111111111111111111111111111111000000000000000000000000000000000000000000000000000000000000000
0000000000000000000000000000000000000000000000000000000000000000000000000000000000000000000000000000000000000000000000000000000
0000000000000000000000000000000000000000000000000000000000000000000000000000000000000000000000000000000000000000000000000000000
0000000000000000000000000000000000000000000000000000000000000000000000000000000000000000000000000000000000000000000000000000000
0000000000000000000000000000000000000000000000000000000000000000000000000000000000000000000000000000000000000000000000000000000
1111111111111111111111111111111111111111111111111111111111111111000000000000000000000000000000000000000000000000000000000000000
0000000000000000000000000000000000000000000000000000000000000000000000000000000000000000000000000000000000000000000000000000000
0000000000000000000000000000000000000000000000000000000000000000000000000000000000000000000000000000000000000000000000000000000
0000000000000000000000000000000000000000000000000000000000000000000000000000000000000000000000000000000000000000000000000000000
0000000000000000000000000000000000000000000000000000000000000000000000000000000000000000000000000000000000000000000000000000000
1111111111111111111111111111111111111111111111111111111111111111000000000000000000000000000000000000000000000000000000000000000
0000111100001111000011110000111100001111000011110000111100001111111100001111000011110000111100001111000011110000111100001111000
1111000011110000111100001111000011110000111100001111000011110000111100001111000011110000111100001111000011110000111100001111000
0000000000000000000000000000000000000000000000000000000000000000000000000000000000000000000000000000000000000000000000000000000
0000000000000000000000000000000000000000000000000000000000000000000000000000000000000000000000000000000000000000000000000000000
1111111111111111111111111111111111111111111111111111111111111111000000000000000000000000000000000000000000000000000000000000000
0000000000000000000000000000000000000000000000000000000000000000000000000000000000000000000000000000000000000000000000000000000
1111000011110000111100001111000011110000111100001111000011110000111100001111000011110000111100001111000011110000111100001111000
1111111111111111111111111111111111111111111111111111111111111111000000000000000000000000000000000000000000000000000000000000000
0000111100001111000011110000111100001111000011110000111100001111111100001111000011110000111100001111000011110000111100001111000
0000000000000000000000000000000000000000000000000000000000000000000000000000000000000000000000000000000000000000000000000000000
