0100101000100010000000000000100000000000000001000000000100101000000000000000100010000000000000000010001000010100001100001001000110000000000001000000000000001000000000000000100001000110010000000100000000001000000000000000000000000010000000000000000
0110100000010001000000010010100000000101100001000000000000110000000000000000000000100000000010000001100001010010000100001010100000010110000001000000000000000000001000100000000010100000100010000000000100110010100101101011100000000000000000000000000
0001011100100000010000010100001000000000100000000101010101001000000010000110010001000000000010011010001010000100010000000001101110000000000010001100000100100011000101000000110011010010000111010001100010001100000000000100000000000000100100010001000
0000100000000001000010001000000010100001000100000011100000000100010000000000001000001000010010000000000001100010000001000100110000000011000010101000001001010010000000011010000110100100000000001000011011000111001000001000100000000000000000000000000
0000000000000100000001000001001000001010001000000001000000000000000000000000000000000000010000000001000000011000000000010000011000000000000000100000000100000000000000000000000010000000010000000000000001000000010000000010000000000000000000000000000
0001000001000000000000000000000001100000000000100010000000000001000100000000000000010000100011000000000000000000000100000101000000000010000010000000000100000000000000000000000000000000000000000100000000000000000000000010000000000010000011000000000
0001000001100000000000000000001000001000000010000000100010000100000000010000100000000000100000000000000000000000000000000000000000000000000000001000100100010000000000001000000000000000000000000000000000000000000000011001100000000000000000000000000
0001000000000000000000000000000000000000000000000000000000000110000000001000000000000000100000010000000000001000000000000000000100000010000010100000000000011000000000001010000000000000001000000000000011000001100000001001000000000000000001000010000
0000000000000000000100000000100000001010010000100000000000100000000000100000000010000000000001000000000010000001001000001000000001000000000000000000000000100100000010000110000000000000100010000000000000100000000111000000000000000000000000000000000
0100000000001000000000000000000010000000000000000010000000000000010000000000000100010010010000000011000000110000000110001000011000000000000010100000101000000100000000001000000000000000000000000000001001000010001000000100000000000000000000010000000
0100001000000000000000000001001000000000100110000010100000000000000000000000000000010000000001000100000000000000000000100000010000000000000100100000100000010000000000100000000000100000000001000000000000000000000000001011000000000000000000000100000
0001000000000000010000000000000000000000000000000010100000000000000000000000000000000000001000000000001000000000000100000000010010000100001000100000100000000000000000000000000000010000000100000000000000000000000000000000000000000000000000000000000
0000001000010000000000000000000010000000000010000010000000000000100000000000000000000000000000000000001000000000000000000101000000000100000000000000100010001000000000001000000000010000000101000000000000000000000000001010100000000000000000000000000
0010000001000000010100000000000000000010000000000001000000000100100000100000000000000001100000000100000000000000100001000100000100100000000000000000000000000000000000100000000000100000000000000000000000000000000101100010000000000001000000000000000
1000000001000000000000010000010000000000000000100111000000100000001000100000000000000000100000000000100000001001000000000011010100100000010000000010000000000110100000000000000001000000000010000000000000000001000101100000000000000000000000000001000
1010000000000000011000001000000000000010000101100000000000000000000100000000100000010001000000010000000001000000000000000000000000000000100001000001000100000110000100000000000001000000010001000100000000000000100001010000000000000001000000000000000
0101000000001000000000010000000000000110000000000001000000100100001000000000000000010000100000010000000000000000000000000000000000000000000001000000000100000000000010000000100000000000000001001000000000000001000000100111100000000000000000000000000
0000100000000000000000100000100000000000000000000001000000000100000000000000000000010000000000010000000000000001000000000000000001000000100001000000000000000100000000000000100000000000010000000000000000000000100100110110000000000000000000000001000
0000000000000010000100000000000000000010000000100000000000000010000000000000000010010000000011000000000000000000000000000000100001000000000000000000000000000100000000100000000010010010000000001000010000000000000101100000000000000001000000000000000
0000000000010000000000000000100010000010000000000001000000000000000000110000000000100001000000000000000001000011000000000000000000100000000000000000000000000000000110001000000100010010000000000000000100010000000100000101000000000000000100000000000
0000000000000000000000100000010000000000000000000001100100000000000000000000000000000000000000000000000000000001000000000000000000000000100100000000000000000000000000000000000000000000000001010000000000000000000001100101000000000001000000000000000
0000100000001000000000000000000010000000000000000000100100000000010000000100000000010001100000000000000000000010001000000000000000100000000000000010000000010001000010001000000000000000000011000000001110010000101010111011000000000000000000000000000
1001000000000000000000000000000000000000010000000001100000000000000000000000000010000001100000000000000000100000000000000010000000000000000000000010000000000000000010000000010000000000000001000000000100011011000110101011000000000000000000000001100
0101100000000000000000000000000000010000000000100010100000000000000000010000000000000000000000010001000000010010000000000000010001000000000001000000000000000100000000000000000010000000000010000000000010001001000000001001100000000000000000000000000
0101000000000000000000000000000000010010000000000010000000000000000000000000000000000000100000000000000000000001000000001000010000000000010000000000000000000000000000101000000010000000000001000000000000000100100000000011000000000000000000000000000
1000000000000000000000000000000000000010000000100000000000000000000000000000000010000001100000000000000000000100000000000010100000000000000000000010000000000110000010001100000000000000000000000000000100000000000101110000000000000000000000000000000
0000000000010000000000000000000000000100000000100010000000000000011000100000000000010000000000010000100000000100000000000000010001000000000001000000000000000100000000100000000000000000000001000000000000000010000000000001100000000000000000000001000
0000100000000000000000000000000000010000000000100010000000001000000000000000000000000000000010000001000000000001000000000000010000000000000000000000000000000100000000001000000000100000000000000000000000000000100000000000000000000000000000000000000
0010000001000000000000000000000000000000000000100010100000001000000000000000000000000000100010000000000000000000000000000000010000000000010000000000000000000000000000100000000010000000000000000100000010000001000100100000000000000000000000000001000
0010000001000000000000000000000000000100000100100000000000000000000000000000000000000000000000000000000000000000000000000000000000000000010000000010100000000100000000100000000010110100000000000000000001000001100001100000000000000000000000000001000
0010000000010000010000000000000000000100000000000010000000000000000000100000000000000000000010000000000001000001000000000000000000000000000000000000000000000000000000000000000000000000000001001000000000000001100010000000000000000000000000000000000
0000000001000000000000000010010000010100000100000100000000000000001000000000000010100000100000000000000000000000000000000000100001000010000000000010000000000000000000000000000000000000000001000000000000110001000001010000000000000000000000000000000
0000000000000010000000100000000000010100000100000001000000000000000000000000000000100001100010000000000000000000000000000000100000000000100000000010001000000000000010001000000000100000000001000000001001100000100001000101000000000000000000000000000
1000000000000000010000000000010000010100000000000000100000000000000000000000000000100000000000000000000000001000000000000000100000100000000000000010000000000010000000000000000000100000000001000000000010010001000010111011000000000000000000000000000
0000000000000000000000000000000000010000000000000000000000000000000000000000000000100000000000000000000000000000000000000000000000000000000000100000100000000100000000000000000000000000000001000000000001000000001000001011000000000000000000000000000
0000000000000000000000000000000000000110000001000000000000000000000000100000000000000001000000000000000000000001000000000000000000000000000000100010100000000000000010100000000000000000000000000000000000000000000000000001100000000000000000000000000
0000100001000000001000000000000000000010000000000000000000000100000000000000000000000000000010100000000000000011100000010000000000000010000000100000000000000010101000000000000000000100010000000100000010000001000000110001000000000000000000000000000
0000000000001000000000000010000000000100000000010000000000000000000000100000000000000000000000000000000000100001000000000010000000000010000000100010001000000000001000100000000010100000000000000000001001000000001000100000000000000000000000000000000
0001100000000000000000100010010000000000000000000000100000000100000000000001000000110001000000000000000000000001000000000000000000000000000000100010101000000010000010001000000000010000000010000000001000000000000101101011000000000000000000000001000
0000000000000000000000000000010000000000000000110000100000000100001000000000000000010000000000010000000000000101000000000010100001100010000000100000100000000000000000000000100000000010000001000000000101001000000011000000000000000000000000000000000
0000000000000000000000100000000000000010000000000010100000000100000000000000000000000000000000010000000000000000000000000000110000000000100000000000000000000000000000101000000010000000000000000000010001000000000110000110000000000000000000000000000
1001100000010000000000000000000000000000000000000001100000000100000000000000000000000000100000000000000000001000000000000000100001000010100000100000100000001110000000000000000000000001000000000000000001000000100101110000000000000000000000000000000
0001100000000000010000001000000000000000000100100001100000100000001100000000000000000000000001000000000000001000001000000000000000000010010001000000000000000010000000001000000011000011000000000000000010000001100000000000000000000000000000000000000
0000000000000000000000100000000000000000000100000001000000000000001000000000000000010000000010010000000000000000000000000000000000100000010000000000000100000010000000001000000000010001000010000000000100010000000010100000000000000000000000000001000
0001000000000000000000000000000000000000010000000000000100001000000000000000100000000000000010000000001000001101000000000000000000000000100000000000000000000000000000001000000010010010000000000000000100010000000010110000000000000000000000000001000
0001000000000000010000000000000000000000000000000000000000000000001000000000000000000000100010000000000000001000000000000000000000000010010000000000000000000000000000000000000000000000000001000000000000000000000101100000000000000000000000000000000
0001100001000000000000000000000000000000000000000000000000000000001000000000000000000000000000000000000000000000000000000000000000000010000000000000000000001001000000101000000000000000000000000000000001000000000000100000000000000000000000000000000
0001000000000000000000000100000000000010000000100000000000000000000000000000000000000000000010000000000000000000001000000000000000000000000000000010000000000100000000100000000000010010000000000000000101010000000010100000000000000000000000000001000
0000100000000000000000000000000000000000010000000000000000000000000000000000000000000000000001000000000000000000000000000000000000000000000000000000000000000000000000000000000010000000000000000000000000000000000000000000000000000000000000000000000
0000000000000000000000000000000000000000000000100001000000100000000000000000000000000000000000000001000000000000000000000001000000000000000001000001000010000000000000100000000000000000000000000000000010000000100000000000000000000000000000000000100
0000000000000000000100010000100000000000000000100000000000000000000000000000000000000000000001000000000000000000000000000000000000000000000000000000000010000000000000000000000000000000000000000000000000000001000000000000000000000001000000000000000
0000000000010000000100000000100000000010000100010010000100000100000000000000000000000000000000000000000000001001001000000000010000000000000000100000000000000000000000000000000000000000000000000000000001001000000000000000000000000000000000000000000
0001100000000000010100000000000000010000000000000001100000000000001000000000100000100000000000010000000000000000000000000010000000000000000000000000000000000000000000100010000000100000000000000000000000000000000000000000000000000000000000000000000
0000000000000010000100000000000000000000000000000000000000100000001000000000000000000000000001000000000000000001000000000000000000000000000001000000000000000000000000000000000000000000000000000000000000000000100000000000000000000001000000000000000
0000100000000000000000000000000000000000000000000000000000000000000100000000000000000001000000000000000000000000000000000000000000000000000000000000000000000100000010000100000000000000000000000000000000000001000000000000000000000000000000000000000
0011000000000000000000000000010000000010000000010000000000000000000000000000000000000000000010000001000000000000000000000000100000000000000000000000000000000000000000000000000010000000000000000000000010000000000100100000000000000000000000000000000
0001000000000000010000000000001000000000000100000000100000000000000000000000000000000000000010000001000000001000000000000000100000000000000000000000000000000100000000000000000000000000000010000000000001000000100010100000000000000000000000000000000
0000000000000000010000000000100000010000000100000000000000000100000000000000000000000000000000010000000000000000001000000000000001000010000000000010000000000000000000000000000010100000000000000000000001000000000000000000000000000000000000000000000
0001000000000000010000000000000000000000000000000000100000000000000100000000000000000000000000010000000000001000000000000010000000000010000000000000000000000000000000001010000000100000000000000000000001000001000000000000000000000000000000000000000
0000000000000000000000000000000000000000000000000000000000000000000100000000000000100000000000000000000000000000000000000000000000000010010000000000000000000000000000101100000000010000000000000000000000100000000100100000000000000001000000000000000
1000000000000000000100000000100000000000000000000000000000000000001000000001000000000000000000100000000000001000000000000000100000000000000000000000000000000100000000100000000010000000000000000000000000000000000000000000000000000001000000000000000
0001000000000000010000000000100000000000000000100000100000000000000000000000000000000000000000010000000000001000000000000000000001000000000000000000000000000000000000001000000000000000000000000000000001000000000000000000000000000000000000000000000
0000000000000000000000000000000000010100000000100000100000000000000100100000000000000000000000000000000000001000001000000000000000000000000000000000000010000000000000100000000000000000000000000000000000000000000000000000000000000001000000000000000
1000100000000000000000000000000010010000000100000000000000000000000000000000000000000000000000000000000000000000000000000010000000000010000000000000001000000000000000001000000000000000000000000000001011000000000000000101100000000000000000000000000
1000100000000000000000000000000000000000000000000000100000000000000000000000000000000000000000000000000000001000000000000010000000000010000000000000000000000000000000000000000000100000000000000000000000000000000000001011100000000000000000000000000
0000000000000000000000000000101000000000000000000000000000000000000000000000000000000000000000000000000000000000000000000000000000000000000000000000000000000000000000000110000010010001000000000000000000000000000000000000000000000000000000000000000
0000000000000000000100000000001000000000000000000000000000000000000000000000100000000000000000000000000000000000000000000000000000000000000001000000000000000000000000000110000000010001000000000000000000000000000000000000000000000000000000000000000
0000000000000000000000000000001000000100000000010001000000000000000000100000000000000000000000010000000000000000001000000000000000000000000000000000000000000000000000000000000000000000000000000000000000000000000000000000000000000000000000000000000
0000000000000000000100000000000000010100000000000000000000000000000000100000100000000000000000000000000000000001000000000000000000000000000001000000000010000000000000001000000000100000000000000000000010000000100000000000000000000000000000000000000
0000000000000000000000000000000000000100000000000000100000100000000000100000000000000000000000000000000000000000000000000000000000000000001000000000000000000000000000000000000000000000000000000000000010000001000000000000000000000001000000000000000
0000100000000000000100000000000000000100000000000001100000000000000000100000000000000000000000000000000000001000000000000000000000000000000001000000000000001000000000001000000000100000000000000000000000000000000000000000000000000000000000000000000
0000000000000000000000000010100000000000000100000000000000000000000000000000000000000001000010010000000000000101000000000000000000000000000000000010000000000000000000000110000010010010000000000000000010000000000000000000000000000000000000000000000
0000000000000000000000000000100000000000000000000000000100001000000000000000000000000000000000000000001000000100001000000000000001000000000000000000000000000000000000000100000001000011000000000000000000001000100000000000000000000000000000000000000
1000000000000000000000000000001000000110000000100000000000100000000000000000000000000001000000000000000000000000000000000000000000000000000000000000000000000000000000000000100000000000000000000000000010000000100000000000000000000001000000000000000
1000100000000000000100000000001000000110000000000000000010000000000000000000000000000000000000000000001000000000000000000000000000000000000001000010000000001000000010001010000000000000000000000000000000000000000000000000000000000000000000000000000
0000000000000000000000000000001000000100010000000001000000000000000100000000000000000000010000000000000000000000000000000000000000000000000000000000000000000000000000000000000000000000000000000000000000000000100000000000000000000000000000000000000
0001000000000000000000000000000000000100000000000001000000000000000000100000000000000000000000000000000000000001000000000000000000000000000000000000000000000100000000000000000000000000000000000000000000000000100000000000000000000000000000000000000
0100000000000000000000000000000000000000010101000000000000000000000000000000000000100010000000010000000000000000100000000010000000000010010000000000000000000000000000000000000000000000000000000000000010000000000000001000100000000000000000000000000
1000000001000000010000000000000000000000000100110000100000000000001000000000000000000000000000000000000000000001000000000000000000000010000001000000000000000000000000001000000000100000000000000000000000000000000000000000000000000000000000000000000
0000100001000000000000000000000000000100010100000000000000000000000000100000000000000001000010000001000000000000000000000000000000000000000000000010000000000000000000000000000000110000000000000000000001000000000000000000000000000001000000000001000
0000000001000000000000000010000000000100000000000000000000000000000000100000000000000001000000000000000000000000000000000000000000000000000000000010000000000000000000000000000000000000000000000000000001000000000000000000000000000000000000000000000
1000000000000000010000000000000010000110000100000000000000000000010000000000000000000000000000010000000000000000000000000000000000000000010000000010000000000000000010100000000010100000000000000000001000000000001000001011000000000000000000000000000
0000000000001000000000000000001000010000010000000010000000000100000000000000000000000000000010000000000000000000000000000010000000000000010000000000000000000000000000100000000010000000000000000000000000000000000000000101000000000000000000000000000
0000000000000000010000000000000000000000010000000010000000000000000100000000000000100000000010000000000000000000000000000010000000000000000000000000100000001000000000000000000000000001000000000000000000000000000000000000000000000000000000000000000
0000000000000000000000000000000010010000000000000000000000000100010000000000000000000000000010000000000000000000000000000000010000000000000000000000101000000000000000100000000010000001000000000000001000000100001000001011000000000000000000000000000
0000000000000000010000000000000000000000000000000000000000000000000000000000000000000000000000010000000000000000000000000000000000000000000000000000001000000000000000000000000000000001000000000000000000000010000000000101000000000000000000000000000
1000000000000000000000000000000000010000000100000000000000000000000100000000100000100000000000010000000000001000000000000000000001000010000000000000000000000000000000000000000000010001000000000000000000000000000000000000000000000000000000000000000
0000000000000000010000000000000000010000010100000000000000000000000100000000000000000000000000010000000000000000000000000010000000000000000000000000000000001000000000000000000000000000000000000000000010000000000000000000000000000000000000000000000
0000000000000000000000000000000000010000000000000000000000000000000000000000000000000000000000000000000000000000000000000000010000000000000000000000000000000000000000000000000000000000000000000000000000000000000000000001100000000000000000000000000
0000000000001000000000000000000000010000000100000001000000000100010000000000000000000000000000010000000000000000000010000000010000000000000000000000000000000000000000000000000000000000000000000000001000000010001000000101000000000000000000000000000
0000000000000000000000000000000010000000000000000001000000000000000000000000000000000000000000000000000000000000000000000000000000000000010000000000001000010000000001000000000000000000000000000000000000000000000000000001000000000000000000000000000
0000000000000000000000000000000010000000000000000001000000000000000000000000000000000000000000000000000000100000000000000010000000000000000000000000001000000000000000000000000000000000000000000000000000000000000000000101000000000000000000000000000
0000000000000000000000000000000010000000000000000001000000000000000000001000000000000000000000000000000000000000000000000010000000000000000000000000001000000000000000000000000000000000000000000000000000000000000000000101000000000000000000000000000
0000100000000000000000000010000000010000000000000000000000000000000100000000000000100000000000000000000000000000001000000000000000000000000000000000000000000000000000000000000000000001000010000000000000000000000000000000000000000000000000000000000
0000000001000000000000000000000000000000000000010000000000000000000000000000000000000000000010000001000000000000001000000000000000000000000000000000000000000000000000000000000000000000000000000000000000000000000000000000000000000000000000000000000
1000000001000000000000000010000000000000000000000000000000000000000000000000100000100000000000000001000000000001000000000000000000000000000000000000000000000000000000000000000000000000000000000000000000000000000000000000000000000000000000000001000
0000000000000000000000000010000000000000000000010001000000000000000100000000000000100000000000010000000000000000000000000000000000000000000000000000000000000000000000000000000000000001000000000000000010000001100000000000000000000000000000000000000
0000000001000000000000000010000000000000000000000000000000000000000000000000000000000000000000000000000000000000000000000000000000000000000000000000000000000000000000000000000000000000000000000000000000000000000000000000000000000000000000000001000
0000100000000000000000000000000000000000000000000000000000000000001100000000000000100000000000000001000000000001000000000000000000000000000000000000000000000000000000000000000000000001000000000000000000000000100000000000000000000000000000000000000
0000100000000000000000000000000000000000000000000000000000000000001000000000100000000000000000000000000000000000000000000000000000000000000000000000000000000100000000100000000000000000000000000000000010000000000000000000000000000000000000000000000
1000000001000000000000000000000000000000000000000000000000000000000000000000000000000000000000000000000000000000000000000000000001000000000000000000000000000000000000000000000000000000000000000000000000000000000000000000000000000000000000000001000
0000000001000000000000000000000000010010010000000000000000000000000000000000000000100000000010000000000000000000000000000000000001000000000000000000000000000000000000000000000000000000000000000000000000000000000000000000000000000000000000000000000
0000100000000000000000000000000000000000000000000000000000000000001000000000100000000000000000000001000000000000000000000000000000000000000000000000000000001100000000100000000000000000000010000000000000000000000000000000000000000000000000000000000
1000000000000000000000000000000000000000000000000000000000000000000000000000100000000000000010000000000000000000000000000010100000000000000000000000000000001000000000100000000000010000000000010000000000000000000000000000000000000000000000000000000
0000000000001000000000000000000000000000000000000000000000000000000000000000000000000000000000010000000000001000001000000000000000000000000000000000001000000000000000000000000000000000000010000000000000000110100000000101000000000000000000000000000
0000000000000000000000000000000000000010000000110000000000000000000000000000000000000000000010000000000000000000001000000000000000000000000000000000000000000000000000000000000010000000000000000000000000000000000000000000000000000000000000000000000
0000000000000000000000000000000010000000000000000000000000000000010000000000000000000000000000010000000000101000000000000000000000000000000000000000000000000100000000000000000010000000000010000000001000000000101000000101000000000000000000000000000
0100000000000000000000000000000010000000000000100000000000000000000000000000000000000000000000000000000000000000001000000000000000000000000000000000001000010000000000000000000000000000000000000000000000000000000000001001000000000000000000000000000
0000000000000000000000000000000000000000000000000000000000000000010000000000100000000000000000000000010000100000001000000000000000000000000000000000000000000000000000000000000000000000000000000000001000000010001000000011100000000000000000000000000
0000000000000000000000000000000000000000000000000000000000000000010000000000000000000000000000000000000000100000001000000000000000000000000000000000000000001000000000000000000000000000000000000010001000000010001000000101100000000000000000000000000
0000000000000000000000000000000000000000000000000001000000000000001000000000000000000000000000000000000000000001000000000000000000000000000000000000000000000000000000000000000000000000000000000000000000000001000000000010100000000001000000000000000
1000000001000000000000000010000000000000000000000000000000000000000000000000000000100000000000000000000000000001000000000010000000000000000000000000000010000000000000000000000010000000000000000000000010000000000000000000000000000001000000000001000
0000100000000000000000000000000000000000000000000001000000100000001000000000000000000000000000010000000000000000000000000000000000000000000000000000000000000000000000000000000000000000000000000000000010000001000000000000000000000000000000000000000
0000000000000000000100000000000000000000000000000000000000100000001000000000000000000000000000000000000000000000000000000000000000000000000000000000000000000000000000000000000000000000000010000000000000000000000000000000000000000000000000000000000
0000100000000000000000000000000000000000000000000000000000100000001000000000000000000000000000000000000000000000000000000000000000000000000000000000000000000000000000000000000000000000000010000000000010000000100000000000000000000001000000000000000
0000100000000000000000000000000000000000000000000000000000000000000000000000000000000000000000000000000000001000000000000000000000000000000000000000000010000000000000000000000000000000000000000000000000000000000000000000000000000000000000000000000
0000100000000000000100000000000000000000000000000000000000000000000000000000000000000000000000000000000000000000000000000000000000000000000000000000000010000000000000000000000000000000000000000000000000000000000000000000000000000000000000000000000
0000000000000000000000000000000000000000000000000000000000000000000000000000000000000000000000000000000000001000000000000000000000000000000000000000000010000000000000000000000000000000000000000000000000000000000000000000000000000001000000000000000
0000000000000000000100000000000000000000000000000000000000100000000000000000000000000000000000010000000000000000000000000000000000000000000000000000000010000000000000000000000000000000000000000000000000000000000000000000000000000001000000000000000
0000000000000000000100000000000000000000000000000000000000100000000000000000000000000000000000000000000000000000000000000000000000000000000000000000000010000000000000000000000000000000000000000000000000000000100000000000000000000000000000000000000
0000000000000000000000000000000000000000010000010000000000000000000000000000000000000000000010000000000000000000000000000000000000000000000000000000000000000000000000000000000000000000000000000000000000000000000000000000000000000000000000000000000
1000000000000000000000000000000000000000000000000000000000000000000000000000000000000000000010000000000000000000000000000010100000000001000000000000000000000000000000000000000000000000000000000000000000000000000000000000000000000000000000000000000
1000000000000000000000000000000000000000000000000000000000000000000000000000000010100000000010000000000000000000000000000010100000000000010000000000000000000000000000000000000000000001000000000000000000000000000000000000000000000000000000000000000
0000000000000000000000000000000000000000000000000000000000000000000000000000000000000000000010000000000000000000000000000000100001000000000000000000000000000000000000000000000000000000000000000000000000000000000000000000000000000000000000000000000
0000000000000000000000000000000000000000000000000000000000000000000000000000000000000000000000000000000000000000000000000000000000000000000000000000000000000000000000000000000000000000000000000000000000000000000000000000000000000000000000000001000
0000000000000000000010000100000000000000010000000000000000000000000000000000000000000000000000000000000000000000010000000000000000000000000000000000000000000000000000000000000000000000000000000000000000000000000000000000000000000000000000000001000
0000000000000000000000000000000000000000000000000000000000000000000000000000000000000000000000100000000000000001000000000000000000000000000000000000000000000000000000000000000000000000000000000000000000000000000000000000000000000000000000000001000
0000000000000000000000000000000000000000000000000000000000000000000000000000000000000000000010000000000000000000000000000000100000000000000000000000000000000000000000000000000000000000000000000000000000000000000000000000000000001000000000000000000
1000000000000000000000000000000000000000000000000000000000000000000000000000000000000000000010000000000000000000000000000010100001000000000000000000000000000000000000000000000000000000000000000000000000000000000000000000000000000000000000000000000
1000000000000000000001000000000000000000000000000000000000000000000000000000000000000000000010000000000000000000000000000010100000000000000000000000000000000000000000000000000000000000000000000000000000000000000000000000000000000000000000000000000
0000000000000000000000000000000000000000000000000000000100001000000000000000000000000000000000000000001000000100000000000000000000000000000000000000000000000000000000000000100001000010000000000000000000001000000000000000000000000000000000000001000
0000000000000000000000000000000000000000000000000000000000000000000000000000000000000000000000000000000000000000000000000000000000000000000000000000000000000000000000000000000000000000000010000000000000000100000000000000000000000000000000000001000
0000000000000000000000000000000000000000000000000000000000000000000000000000000000000000000000000000000000000000000000000000000000000000010000000000000000000000000000000000000000000000000000000000000000000000000000000000000000000000000000000001000
0000000000000000000000000000000000000000000000000000000000000000000000000000000000000000000000100001000000000000001000000000100000000000000000000000000000000000000000000000000000000000000000000000000000000000000000000000000000000000000000000000000
0000000000000000000000000000001000000000000000000000000000000000000000000000000010100000000000000001000000000000000000000000000000000000010000000000000000000000000000000100000000000000000000000000000000000000000000000000000000000000000000000000000
0000000001000000000000000000000000010000000000000000000000000000000000000000000010000000000000000000000000000000000000000000000000000000000000000000000000000000000000000000000000000000000000000000000000000000000000000000000000000000000000000000000
0000000000000000000000000000000000000000000000000000000000000000000000000000000000000000000000010000000000000001000000000000000000000000000000000000000000000000000000000000000000000000000000000000000000000000000000000000000000000000000000000000000
0000000000000000000000000000000000000000000000000000000000000000000000000000000000000000000000000000000000000000000000000000000000000000000000000000000000000000000000000000000000000000000000000000000000000000000000000000000000000000000000000001000
0000000000000000000000000000000000000000000000000000000000000000000000000001000000000000000000000000000000000000001000000000100000000000000000000000000000000000000000000000000000000000000000000000000000000000000000000000000000000000000000000000000
0000000001000000000000000000000000000000000000000000000000000000000000000000000000000000000000000000000000000000000000000000100000000000010000000000000000000000000000000000000000000000000000000000000000000000000000000000000000000000000000000001000
0000000001000000000000000000000000000000000000000000000000000000000000000000000010000000000000000000000000000000000000000000000000000000000000000000000000000000000000000000000000000000000000000000000000000000000000000000000000000000000000000000000
0000000000000000000000000000000000000000000000010000000000000000000000000000000000000000000000010000000000000001000000000000000000000000000000000000000000000000000000000000000000000000000000000000000000000000000000000000000000000000000000000000000
0000000001000000000000000000000000000000000000000000000000000000000000000000000000000000000000000000000000000000000000000000100000000000000000000000000000000000000000000000000000000000000000000000000000000000000000000000000000000000000000000000000
0000000001000000000000000000000000000000000000000000000000000000000000000000000000100000000000000001000000000000000000000000100000000000000000000000000000000000000000000000000000000000000000000000000000000000000000000000000000000000000000000000000
0000000001000000000000000000000000000000000000000000000000000000001000000000000000000000000000000000000000000000000000000000000000000000010000000000000000000000000000000000000000000000000000000000000000000001000000000000000000000000000000000000000
0000000001000000000000000000000000000000000000000000000000000000000000000000000000000000000000000000000000000000000000000000000000000000000000000010000000000000000000000000000000010000000000000000000000000000000000000000000000000000000000000000000
0000000000000000000000000000000000000000000000000000000000000000000000000001100000000000000000100000000000000000001000000000000000000000000000000000000000000000000000000000000000000000000000000000000000000000000000000000000000000000000000000000000
0000000000000000000000000000000000000000000000100000000000000000000000000001100000000000000000100000000000000000001000000000000000000000000000000000000000000000000000000000000000000000000000000000000000000000000000000000000000000000000000000000000
0000000000000000000000000000000000000000000000000000000000000000000000000001000000000000000000100000000000000000001000000000000000000000000000000000000000001000000000000000000000000000000000000000000000000000000000000000000000000000000000000000000
0000000000000000000000000000000000000000000000100000000000000000000000000001000000000000000000100000000000000000001000000000000000000000000000000000000000001000000000000000000000000000000000000000000000000000000000000000000000000000000000000000000
0000000000000000000000000000000000000000000000100000000000000000000000000001100000000000000000100000000000000000001000000000000000000000000000000000000000001000000000000000000000000000000000000000000000000000000000000000000000000000000000000000000
0000000000000000000000000000000000000000000000000000000000000000000000000001100000000000000000100000000000000000001000000000000000000000000000000000000000001000000000000000000000000000000000000000000000000000000000000000000000000000000000000000000
0000000000000000000000000010000000000000000000000000000000000000000000000000000000000000000000000000000000000000000000000000000000000000000000000000000000000000000000000000000000000000000000000001000000000000000000000000000000000000000000000001000
0000000000000000000000000010000000000000000000000000010000000000000010000000000000000000000000000000000000000000000000000000000000000000000000000000000000000000000000000000000000000000000010000000000000000000000000000000000000000000000000000001000
0000000001000000000000000000000000000000000000000000000000000000000000000000000000000000000000000000000000000000000000000000000000000000000000000000000000000000000000000000000000000000000000000000000000000000000000000000000000000000000000000000000
0000000000000000000000000000000000000000000000000000000000000000000000000000100000000000000000000000000000000000001000000000000000000000000000000000000000001000000000000000000000000000000000000000000000000000000000000000000000000000000000000000000
0000000000000000000000000000000000000000000000100000000000000000000000000000100000000000000000000000000000000000001000000000000000000000000000000000000000001000000000000000000000000000000000000000000000000000000000000000000000000000000000000000000
0000000000000000000000000000000000000000000000100000000000000000000000000000000000000000000000000000000000000000001000000000000000000000000000000000000000001000000000000000000000000000000000000000000000000000000000000000000000000000000000000000000
0000000000000000000000000000000000000000000000100000000000000000000000000000100000000000000000000000000000000000001000000000000000000000000000000000000000000000000000000000000000000000000000000000000000000000000000000000000000000000000000000000000
