0100001000100010000000000000100000000000000001000000000100101000000000000000100010000000000000000010001000010100001100001001001110000000000001001000000000001000000000000000100001000110010000000100000000001000000000000000000000000010000000000000000
1110000000010001000000010010100000010100000001010100010000110000110010000011000000111000000000000000110000010010000100001000100000010010000001000010001000000001101100000011001010000000000010001011000000000000001101101011100000000000000000000000000
0001101000111000010100000000000010010000000000010000000100001100000000000000000000000000000000000010001000000100000000000001100110000000000000000010000100100000100000000000100011000010000010010000000000001100000101110110000000000000000100000100100
0000100000000101000000011000001010010000001000010110000000000000000000000000000000000000100000000000000001101010000001010000111000000011000000100000000010010000000000111010000100100100000000000000011000000111000000001010100000000001000000000001000
0000000000000000000001010001000000111011000100010000100000000100010000000000000000000000100010000000000000010000000000000000010000000000000010101000001110000010000000100000000000000000010000000000000010000000011000000000000000000001000000000001000
0001000001000000000000000000000001000010000000100011000000000101100100000000000000010000100011000000000000000000000100000001000000000110000000000000000100000000000000000000000000000000000000000100000000000000100000000000100000000010000011000000000
0001000001100000000000000000001000001010000010000001100010000000000000010000100000000000100000000000000000000000000000000000000000000000000010001000100100010000000000001000000000000000000000000000000000000000100000011011000000000000000000000000000
0001000000000000000000000000000000000010000000000001000000000010001000001000000000000000100000010000000000001000000000000000000100000010000000100000000000011000000000001010000000000000001000000000000001000000000000001011100000000000000001000010000
1000000000000000000100000000100000001000010000100000000000100000000000100000000010000000100001000000000000000000001000001010000001000000000000000001000000100110000110100100000000000000000110000000000010100001000010100000100000000000000000000001000
0100000000001000000000000000000010000010000000000011000000000100010000000000000100010010010000000011000000110000000110001000011000000000000000100000101000000100000000001000000000000000000000000000001001000011001000000110100000000000000000010000000
0100001000000000000000000001001000100010100110000011100000000100000000000000000000010000000001000100000000000000000000100100010000000100000110100000100000010000000000100000000000100000000001000000000010000001000000001001100000000000000000000100000
0001000000000000010000000000000000100010000000000011100000000100101000000000000000000000001000000000001000000000000100000100010010000000001010100000100000000000000000000000000000010000000100000000000000000001100000000010000000000000000000000000000
0000001000010000000000000000000010000010000010000011000000000100000000000000000000000000000000000000001000000000000000000001000000000000000010000000100010001000000000001000000000010000000101000000000010000001000000001000000000000000000000000000000
0001100001000001010000010000001000011100000000000000000000000000000000000000000000000001000010000001000000000010100001000100000100000010100000100000100000100010000000100100000000000001000010000000000000100100000000000000000000000001001000000001000
1000000001000000000100010100000000000000000000110010000000100000001000100000000000010000100010010000100000001000000000000011010100000000010000000001000000000110000000100000000001110000100011000000000000100000000000000000100000000000000000010000000
0010000000010000011000001000000000000000000001100000000000000000000100000000100000010001100000010000000000000001000000000000000000000000100001000000000100000100000000100010000001000000110001000100000010000000100100110000100000000001000000000001000
0111000000000000000000000000000010000100000000000001100000100000000000000000000000000000100000010100000010000001000000000000000000000100000001000000000100000010000010000000100000000000000000000000000010000001000101010101000000000000000000000001000
1010100000000000000000010000110000000000000010000000000000000001001000000000000100000000100000010000000000000000000000000010000001000000000001000000000000000100000000110000100000000000011000000000000000000000000001000100000000000000000000000000000
1000000000000010000000000000000000000000000000110101000000000010000000000000000010000000010001000100000000001000000000000010100001100000000000000000000000000110000000100000000000100010000000000000010000000000000000010000100000000000000000000000000
0000000000000000000000100000110010000010000000000000100000000000000000100000000000100001000000000000000000000010000000000000000000100000100000000100000000000000000010001000000000010010000001000000000100010000000001100101000000000000000100000001000
0000000000000000000000000000000000000000000000000000000100000000000000000000000000000000000000000000000000000000000000000000000000000000000100000000000000000000000000000000000000000000000000010000000000000000100100000101000000000001000000000001000
0000000000000000000000000100000000000000000000000001100100000000000000000000000000010001000000010000000001000011001000000000000000000000000000000000001000010000000010001000000010000000000011000000001010000001000010101011000000000000000000000001000
0001000000000000000000100000010000000000010000000000000000000000000000000000000010000001100000000000000000100001000000000000000000000000100000000011000000000000000110000000000000000000000100000000000100011010000011001011000000000000000000000000000
0101000000000000000000000000000000000000000000100010000000000000000000000000000000000000000000000000000000010010000000000000010001000000000001000000000000000100000000000000000010010000000010000000000010001001000000001001000000000000000000000000000
0101100000000000000000000000000000000000000000000011000000000000000000000000000000000000000000010000000000000001000000001000010000000000010000000000000000000010000000001000000010000000000000000000000010000100000000000011000000000000000000000000000
0000000000000000000000000000000000000000000000100000000000000000000000000000000010000001000000000000000000000101000000000000100000000000000000000010000000000100000010101100000000000000000000000000000110000000000000010000000000000000000000000001000
0000100000010000000000000000000000010100000000100010000000000000001000100010000000010000000000000000100000000100000000000000010001000000000001000000000000000100000000100000000000000000000001000000000000000010000000000001000000000000000000000001000
0000000000000000000000000000000000010000000000110011100000001000000000000000000000010000100000000001000000000000000000000000010000000000000000000000000000000100000000101000000010000000000000000000000000000000100000000000000000000000000000000001000
0010100001000000000000000000000000000000000000100010000000001000000000000000000000000000100010000001000000000000000000000000010000000000010000000000000000000000000000100000000010000000000000000100000010000001000100100000000000000000000000000001000
0010100001000000000000000000000000000100000000100000100000000000000000000000000000000000000000010001000000000000000000000000000000000000010000000010100000000100000000100000000010100100000000000000000000000001100001100000000000000000000000000001000
0010000000000000010000000000010000000100000100000011100000000000000000100000000000000000000010000000000000000000000000000000000000000000000000000100000000000000000000000000000000000000000000000000000001000000000111100000000000000000000000000001000
0000000001000000000000000010000000000100000100000100000000000000001000000000000010100000000000000000000000001000000000000000100001000010000000000000000000000000000000000000000010000000000000000000000000010001000100100000000000000000000000000000000
0000000000000010000000000000000000000100000100000000100000000000000000000000000000100001100010000000000010000000000000000000100000000000000000000000001000000010000010001000000000100000100001000000001010000000000100110101000000000000000000000000000
1000000000000000010000100000010000000100000000000001000000000000000000000000000000100000000000000000000000000000000000000000100000100000100000000000000000000000000000000000000000100000000001000000000001010001101011001011000000000000000000000000000
0000000000000000000100000000000000010010000000000000000000000000001000000000000000100000000000010000000000000001000000000000000000000000000000100000100000000100000000000000000000000000000001000000000000000000100000001011100000000000000000000000000
0000000000000000000100000000000000000100000001000001100000000000001000100000000000000001000000010000000000000000000000000000000000000000000000100010100000000000000010100000000000100000000000000000000001000000100000000001000000000000000000000000000
0000000001000000001000000000000000000000000100010000000000000100000000000000000000010000000000100000000000000010100000000000000000000010000000100000000000000000001000000000000010100100010001000100000000000000000000100001000000000000000000000001000
0000000000000000000000000010000010010100000100010000100000000100000000100000000000010000000000000000000000100001000000000010000000000010000000100000000000000000001000000000000000100000000000001000001000100000000101000010100000000000000000000000000
0001100000010000000000000010000000000000000100000000000000000100000000000000000000110001000000000000000000000000000000000000000000000000100000100010101000000010000010001000000000010000000011000000001001000001000000001011000000000000000000000000000
0000000000000000000000000000000000000010000100110001100000000100001000000000000000010000100000000000000000000101000000000010100001000010000000100000100000000011000000100000100000000010000000000000000001011000100011000000000000000000000000000000000
0000000000000000000000000000000000000000000000000011000000000100000000010000000000000000000000010000000000001000000000010000110000000000000000000010000000000010000000001000000000000000000000000000010000100000101011110110000000000000000000000000000
1001100000000000000000100000000000000000000000000000000000000100000000000000000000000000100000000000000000000000000000000000100001000010000000100010100000001100000000100000000010000001000000000000000000000000000000000000000000000001000000000000000
0001000000000000010000001000000000010010100000100000100000100000001100000000000000000000110001010000000000001000001000000100000000000010010001000000000000000000000000101000000011010011000001000000000000000001000000000000000000000000000000000000000
0000000000000000000000000000000000000000000000000001100000000000001000000000000000010000000010000001000000000000000000000000000000000000110000000000000100000010000000001000000000000001000010000000000001000000000010100000000000000000000000000001000
0001100000000000000000100000000000000000010100010001100100001000000000000000100000000000000000001000001000000100000000000000000000000000000000000000000000000000000000101000000000110010000000000000000001000000000010100000000000000000000000000000000
0001000000000000010000000000010000000000000000000000000000000000001000000000000000000000000010000001000000000000000000000000000000000010010000000010000000000000000000000000000000000000000000000000000000000000000000010000000000000000000000000000000
0001000001000000000000100000000000000000000100000000100000000000001000000000000000000000000000000001000000000000000000000000000000100010100000000000000000001000000000101000000000010000000000001000000100010000000000100000000000000000000000000000000
0001000000000000000000000100010000000000000100110000000000000000000000000000000000000000000000000000000000000001001000000000000000000000000000000010000000000100000000100010000010010010000000000000000001000000100010110000000000000000000000000000000
0000100000000000000100000000000000000010010000000000000000000000001000000000000000000000000001000000000000000001000000000000000000000000000000000000000000000000000000000000000010000000000000000000000001000000000000000000000000000000000000000000000
0000000000000000000000010000001000000000000000100000000000100000000000000000000000000000000000000001000000000000000000000001000000000000000001000000000010000000000000000000000000000000000000000000000000000000000000000000000000000000000000000000000
0000000000000000000100000000101000000010000000100000000000000000000000000000000000000000000001000000000000000000000000000000000000000000000000000000000010000000000000100000000000000000000000000000000000000001000000000000000000000001000000000000100
0000000000000000000000000000100000000000000100010011000100000100000000000000000000000000000000000000000000001000001000000000010000000000000000100000000000000000000000000000000000000000000000000000000000001000000000000000000000000000000000000000000
0001000000000000010000000000000000000000000100000001000000000000001000000000100000100000000000000000000000000000000000000010000000000000000000000000000000000000000000100000000000100000000000000000000001000000000000000000000000000000000000000000000
0000000000000010000000000000000000000000000000000000000000100000000000000000000000000000000001000000000000000000000000000000000000000000000001000000000000000000000000000000000000000000000000000000000000000000000000000000000000000001000000000000000
0000000000000000000000000000001000000000000000000000000000000000000100000000000000000001000000000000000000000000000000000000000000000000000000000000000000000100000010000100000000010000000000000000000000000000000000000000000000000000000000000000000
0011000000000000000000000000000000000010000000010000000000000000000000000000000000000000000010000000000000001000000000000000100000000000000000000010000000000000000000000000000000000000000000000000000010000000000000010000000000000000000000000000000
0001100000000000010000100000001000000000000000000000000000000000000000000000000000000000000010010000000000001000000000000000100000100000100000000000000000000100000000000000000000010000000010000000000100010000100010100000000000000000000000000000000
0000000000000000010000000000100000000000000000000000100000000100000000000000000000000000000000000000000000000000001000000000000001000010000000000010000000000000000000000010000010110000000000000000000000000000000000000000000000000000000000000000000
0001100000000000010000000000000000010000000100000000000000000000000100000000000000000000010000000000000000001000000000000010000000000010000000000000000000000000000000001000000000110000000000000000000000000001000000000000000000000000000000000000000
0000100000000000000000000000001000000000000000000000000000000000000100000000000000100000000000010000000000000000000000000000000000000010010000000000000000000000000000001100000000000000000000000000000000000001100100100000000000000000000000000000000
1000000000000000000000000000100000000000000000000001000000000000000000000001000000000000000000100000000000001001000000000000100000000000000000000000000000000100000000100000000010000000000000000000000000000000000000000000000000000001000000000000000
0001000000000000010000000000100000010000000100100000000000000000000000000000000000000000000000000000000000001000000000000000000001000000000000000000000000000000000000001000000000010000000000000000000000000000000000000000000000000000000000000000000
0000000000000000000000000000001000010110000000100001000000000000000100100000000000000000000000000000000000001000001000000000000000000000000000000000000010000000000000000000000000000000000000000000000010000000100000000000000000000001000000000000000
1000000000000000000000000000000010000000000000000000100000000000000000000000000000000000000000010000000000000000000000000010000000000010000000000000001000000000000000001000000000000000000000000000001010000000000000000101000000000000000000000000000
1000000000000000000000000000000000010000000100000000000000000000010000000000000000000000000000010000000000001000000000000010000000000010000000000000000000000000000000000000000000100000000000000000000001000000000000001011000000000000000000000000000
0000000000000000000000000000100000000000000000000000000000000000000000000000000000000000000000000000000000000000000000000010000000000000000000000010000000000000000000000110000000010001000000000000000000000000000000000000000000000000000000000000000
0000000000000000000100000000000000000000000000000000000000000000000000000000100000000000000000000000000000000000000000000000000000000000000001000000000000000000000000000000000000000000000000000000000000000000000000000000000000000000000000000000000
0000000000000000000000000000000000000110000000010000100000000000000000100000000000000000000000010000000000000000001000000000000000000000000000000000000000000000000000000000000000000000000000000000000000000000100000000000000000000000000000000000000
0000000000000000000000000000000000010100000000000000100000000000001000100000100000000000000000000000000000000000000000000000000000000000000001000000000010000000000000001000000000000000000000000000000010000000000000000000000000000000000000000000000
0000000000000000000000000000001000000100000000000000000000100000000000100000000000000000000000000000000000000000000000000000000000000000001000000000000000000000000000000000000000000000000000000000000000000001000000000000000000000001000000000000000
0000100000000000000100000000001000000100000000000000000000000000000000100000000000000000000000000000000000001000000000000000000000000000000001000000000000001000000000001000000000100000000000000000000000000000000000000000000000000000000000000000000
0000000000000000000000000010100000000010000000010000000000000000000000000000000000000001000000010000000000000100000000000000000000000000000000000010000000000000000000000100000000110010000000000000000000000000100000000000000000000000000000000001000
0000100000000000000000000000100000000000000000000001000100001000000000000000000000000000000000010000001000001101001000000000000001000000000000000000000000000000000000000100000001000011000000000000000000001001000000000000000000000000000000000001000
1000000000000000000000000000000000000110000000100000000000100000000000000000000000000001000000000000000000000000000000000000000000000000000000000000000000000000000000000000100000000000000000000000000010000000100000000000000000000001000000000000000
1000100000000000000100000000000000000110000000000000000010000000000000000000000000000000000000000000001000000000000000000000000000000000000001000010000000001000000010001000000000000000000000000000000000000000000000000000000000000000000000000000000
0000000000000000000000000000000000000100010000000001000000000000000100000000000000000000010000000000000000000000000000000000000000000000000000000000000000000000000000000000000000000000000000000000000000000000100000000000000000000000000000000000000
0001000000000000000000000000001000000100000000000001000000000000000000100000000000000000000000000000000000000001000000000000000000000000000000000000000000000100000000000000000000000000000000000000000000000000100000000000000000000000000000000000000
0100000000000000000000000000000000010000010001000001000000000000000000000000000000100010000000000000000000000000100000000010000000000010010000000000000000000000000000000000000000000000000000000000000000000000000000001000100000000000000000000000000
1000000001000000010000000000000000000000000000100001000000000000001000000000000000000000000010000000000000001000000000000000000000000010000001000000000000000000000000101000000000000000000000000000000001000000000000000000000000000000000000000001000
0000000001000000000000000000000000000100010000000000100000000000000000100000000000000001000010010000000000000000000000000000000000000000000000000010000000000000000000000000000000100000000000000000000000000000000000000000000000000001000000000001000
0000100001000000000000000010000000000100000100010000100000000000000000100000000000000001000010000000000000000000000000000000000000000000000000000010000000000000000000000000000000100000000000000000000000000001000000000000000000000000000000000001000
1000000000000000010000000000000000010100000000000001000000000000000000000000000000000000000000000000000000000000000000000000000000000000010000000010001000000000000010000000000010100000000000000000001000000000001000001011000000000000000000000000000
1000000000001000000000000000001000000000010000010010000000000100010000000000000000000000000000000000000000000000000000000000000000000000010000000000001000000000000000000000000010000000000000000000000000000010001000000101000000000000000000000000000
1000000000000000010000000000000000010000010000010010000000000000000100000000000000100000000000000000000000000000000000000000000000000000000000000000100000001000000000000000000000000001000000000000000001000000000000000000000000000000000000000000000
1000000000000000000000000000000010000000000000010000000000000100000000000000000000000000000000000000000000000000000000000010010000000000000000000000100000000000000000000000000010000001000000000000001000000110000000001011000000000000000000000000000
0000000000001000010000000000000010010000000100000000000000000000010000000000000000000000000000000000000000000000000000000000000000000000000000000000000000000000000000000000000000000001000000000000000000000010000000000101000000000000000000000000000
1000000000000000000000000000000000000000000000000000000000000000000100000000100000100000000000000000000000001000000000000000000001000010000000000000000000000000000000000000000000000001000000000000000001000000000000000000000000000000000000000000000
0000000000000000010000000000000000000000010000000000000000000000000100000000000000000000000000000000000000000000000000000010000000000000000000000000000000001000000000000010000000010000000000000000000011000000000000000000000000000000000000000000000
0000000000000000000000000000000000010000000000000001000000000100000000000000000000000000000000000000000000000000000000000000010000000000000000000000000000000000000000000000000000000000000000000000000000000000000000000011000000000000000000000000000
0000000000000000000000000000000010010000000000000001000000000100010000000000000000000000000000010000000000000000000010000000010000000000000000000000001000000000000000000000000000000000000000000000001000000010001000000101000000000000000000000000000
0000000000001000000000000000000000000000000000000001000000000000000000000000000000000000000000000000010000000000000000000000000000000000010000000000000000010000000001000000000000000000000000000000000000000000000000000001000000000000000000000000000
0000000000001000000000000000000000000000000000000001000000000000000000000000000000000000000000000000000000100000000000000010000000000000000000000000000000000000000000000000000000000000000000000000000000000000000000000101000000000000000000000000000
0000000000000000000000000000000000000000000000000001000000000000000000001000000000000000000000000000000000000000000000000010000000000000000000000000000000000000000000000000000000000000000000000000000000000000000000000101000000000000000000000000000
0000000000000000000000000010000000000000000000010001000000000000000100000000000000100000000010000000000000000000001000000000000000000000000000000000000000000000000000000000000000000001000010000000000010000000000000000000000000000000000000000000000
0000000001000000000000000000000000000000000000010000000000000000000000000000000000000000000010000000000000000001001000000000000000000000000000000000000000000000000000000000000000000000000000000000000000000000000000000000000000000000000000000001000
0000000001000000000000000010000000000000000000000000000000000000000000000000100000100000000010000000000000000001000000000010000000000000000000000000000000000000000000000000000000000000000000000000000000000000000000000000000000000000000000000001000
0000100000000000000000000010000000010010000000000000000000000000000100000000000000100000000010010000000000000000000000000000000000000000000000000000000000000000000000000000000000000001000000000000000000000001100000000000000000000000000000000000000
0000000001000000000000000010000000010000000000010000000000000000000000000000000000000000000010000000000000000000000000000000000000000000000000000000000000000000000000000000000000000000000000000000000000000000000000000000000000000000000000000001000
0000000000000000000000000000000000000000000000010001000000000000001100000000000000100000000010000001000000000001000000000000000000000000000000000000000000000000000000000000000000000001000000000000000010000000100000000000000000000000000000000000000
0000000000000000000000000000000000000000000000000000000000000000001000000000100000000000000010000001000000000000000000000010000000000000000000000000000000000100000000000000000000000000000000000000000010000000100000000000000000000000000000000000000
0000000001000000000000000000000000000000000000000000000000000000000000000000000000000000000010000000000000000000000000000000000001000000000000000000000000000000000000000000000000000000000000000000000000000000000000000000000000000000000000000001000
0000000001000000000000000000000000010010010000000000000000000000000000000000000000100000000010000000000000000000000000000000000001000000000000000000000000000000000000000000000000000000000000000000000000000000000000000000000000000000000000000001000
0000000000000000000000000000000000000000000000000000000000000000001000000000100000000000000010000000000000000000000000000000000000000000000000000000000000001100000000000000000000000000000010000000000000000000100000000000000000000000000000000000000
0000000000000000000000000000000000000000000000000000000000000000000000000000100000000000000000000000000000000000000000000000100000000000000000000000000000001000000000100000000000010000000000010000000000000000000000000000000000000000000000000000000
0000000000001000000000000000000000000010000000000001000000000000011000000000000000000000000000000000000000001001001000000000000000000000000000000000001000000000000000000000000000000000000010000000000000000100001000000101100000000000000000000000000
0000000000000000000000000000000000010010000000100000000000000000000000000000000000000000000000000000000000000000001000000000000000000000000000000000000000000000000000100000000010000000000000000000000000000000000000000000000000000000000000000000000
0000000000000000000000000000000010000000000000000001000000000000001000000000000000000000000000000000000000101001000000000000000000000000000000000000000000000100000000000000000010000000000010000000001000000010000000000101100000000000000000000000000
0100000000001000000000000000000000000000000000100000000000000000000000000001000000000000000000000000000000000000001000000000000000000000000000000000000000010000000000000000000000000000000000000000000000000000000000001001000000000000000000000000000
0000000000001000000000000000000010000000000000000000000000000000010000000001100000000000000000000000000000100000001000000000000000000000000000000000001000000000000000000000000000000000000000000010001000000010001000000011100000000000000000000000000
0000000000001000000000000000000010000000000000000000000000000000010000000001000000000000000000000000010000100000001000000000000000000000000000000000001000001000000000000000000000000000000000000000001000000010001000000101100000000000000000000000000
0000000000000000000100000000000000000000000000000000000000000000000000000000000000000000000000000000000000000000000000000000000000000000000000000000000000000000000001000000000000000000000000000000000000000001100000000010000000000001000000000000000
1000000001000000000000000010000000000000000000000000000000000000000000000000000000100000000010000000000000001001000000000010000000000000000000000000000000000000000000000000000000000000000000000000000010000001000000000000000000000000000000000000000
0000100000000000000100000000000000000000000000000000000000100000000000000000000000000000000000000000000000000001000000000000000000000000000000000000000000000000000000000000000000000000000000000000000010000001100000000000000000000000000000000000000
0000000000000000000000000000000000000000000000000000000000100000000000000000000000000000000000010000000000000001000000000000000000000000000000000000000000000000000000000000000000000000000010000000000000000000100000000000000000000000000000000000000
0000100000000000000100000000000000000000000000000000000000100000000000000000000000000000000000010000000000000001000000000000000000000000000000000000000000000000000000000000000000000000000010000000000010000000000000000000000000000001000000000000000
0000100000000000000000000000000000000000000000000000000000000000000000000000000000000000000000000000000000001000000000000000000000000000000000000000000010000000000000000000000000000000000000000000000000000000000000000000000000000000000000000000000
0000100000000000000100000000000000000000000000000000000000000000000000000000000000000000000000000000000000000000000000000000000000000000000000000000000010000000000000000000000000000000000000000000000000000000000000000000000000000000000000000000000
0000000000000000000000000000000000000000000000000000000000000000000000000000000000000000000000000000000000001000000000000000000000000000000000000000000010000000000000000000000000000000000000000000000000000000000000000000000000000001000000000000000
0000000000000000000100000000000000000000000000000000000000100000000000000000000000000000000000010000000000000000000000000000000000000000000000000000000010000000000000000000000000000000000000000000000000000000000000000000000000000001000000000000000
0000000000000000000100000000000000000000000000000000000000100000000000000000000000000000000000000000000000000000000000000000000000000000000000000000000010000000000000000000000000000000000000000000000000000000100000000000000000000000000000000000000
0000000000000000000000000000000000010000010000000000000000000000000000000000000000000000000000000000000000000000000000000000000000000000000000000000000000000000000000000000000000000000000000000000000000000000000000000000000000000000000000000000000
0000000000000000000000000000000000000000000000000000000000000000000000000000000000000000000000000000000000000000000000000000100000000001000000000000000000000000000000000000000000000000000000000000000000000000000000000000000000000000000000000000000
0000000000000000000000000000000000000000000000000000000000000000000000000000000010100000000000000000000000000000000000000000100000010000010000000000000000000000000000000000000000000001000000000000000000000000000000000000000000000000000000000000000
1000000000000000000000000000000000000000000000000000000000000000000000000000000000000000000000000000000000000000000000000010100001000000000000000000000000000000000000000000000000000000000000000000000000000000000000000000000000000000000000000000000
0000000000000000000000000000000000000000000000000000000000000000000000000000000000000000000000000000000001000001000000000000000000000000000000000000000000000000000000000000000000000000000000000000000000000000000000000000000000000000000000000000000
0000000000000000000000000000000000000000010000000000000000000000000000000000000000000000000000000000000000000001000000000000000000000000000000000000000000000000000000000000000000000000000000000000000000000000000000000000000000000000000000000000000
0000000000000000000000000000000000000000000000000000000000000000000000000000000000000000000000100000000000000000000000000000000000000000000000000000000000000000000000000000000000010000000000000000000000000000000000000000000000000000000000000000000
1000000000000000000000000000000000000000000000000000000000000000000000000000000000000000000000000000000000000000000000000010100000000000000000000000000000000000000000000000000000000000000000000000000000000000000000000000000000001000000000000000000
0000000000000000000000000000000000000000000000000000000000000000000000000000000000000000000000000000000000000000000000000000100001000000000000000000000000000000000000000000000000000000000000000000000000000000000000000000000000000000000000000000000
0000000000000000000001000000000000000000000000000000000000000000000000000000000000000000000000000000000000000000000000000000100000000000000000000000000000000000000000000000000000000000000000000000000000000000000000000000000000000000000000000000000
0000000000000000000000000000000000000000000000000000000100001000000000000000000000000000000000000000001000000101000000000000000000000000000000000000000000000000000000000000100001000010000000000000000000001000000000000000000000000000000000000000000
0000000000000000000000000000000000000000000000000000000000000000000000000000000000000000000000000000000001000001000000000000000000000000000000000000000000000000000000000000000000000000000010000000000000000100000000000000000000000000000000000000000
0000000000000000000000000000000000000000000000000000000000000000000000000000000000000000000000000001000000000000000000000000000000000000010000000000000000000000000000000000000000000000000000000000000000000000000000000000000000000000000000000000000
0000000000000000000000000000000000000000000000000000000000000000000000000000000000000000000000100000000000000000001000000000100000000000000000000000000000000000000000000000000000000000000000000000000000000000000000000000000000000000000000000000000
0000000000000000000000000000000000000000000000000000000000000000000000000000000010100000010000000000000000000000000000000000000000000000010000000000000000000000000000000100000000000000000000000000000000000000000000000000000000000000000000000000000
0000000001000000000000000000000000010000000000000000000000000000000000000000000010000000000010000000000000000000000000000000000000000000000000000000000000000000000000000100000000000001000000000000000000000000000000000000000000000000000000000000000
1000000000000000000000000000000000000000000000000000000000000000000000000000000000000000000000000000000000000000000000000010000000000000000000000000000000000000000000000000000000000000000000000000000000000000000000000000000000000000000000000001000
0000000000000000000000000000000000000000000000000000000000000000000000000000000000000000000010000001000000000000000000000000000000000000000000000000000000000000000000000000000000000000000000000000000000000000000000000000000000000000000000000001000
0000000000000000000000000000000000000000000000000000000000000000000000000000000000000000000000000001000000000000001000000000100000000000000000000000000000000000000000000000000000000000000000000000000000000000000000000000000000000000000000000000000
0000000001000000000000000000000000000000000000000000000000000000000000000000000000000000000010000000000000000000000000000000100000000000010000000000000000000000000000000000000000000000000000000000000000000000000000000000000000000000000000000001000
0000000001000000000000000000000000000000000000000000000000000000000000000000000010000000000010000000000000000000000000000000000000000000000000000000000000000000000000000100000000000001000000000000000000000000000000000000000000000000000000000000000
1000000000000000000000000000000000000000000000010000000000000000000000000000000000000000000000000000000000000000000000000010000000000000000000000000000000000000000000000000000000000000000000000000000000000000000000000000000000000000000000000001000
0000100001000000000000000000000000000000000000000000000000000000000000000000000000000000000010000001000000000000000000000000100000000000000000000000000000000000000000000000000000000000000000000000000000000000000000000000000000000000000000000000000
0000100001000000000000000000000000000000000000000000000000000000000000000000000000100000000010000000000000000000000000000000100000000000000000000000000000000000000000000000000000000000000000000000000000000000000000000000000000000000000000000000000
0000100001000000000000000000000000000000000000000001000000000000001000000000000000000000000010000000000000000000000000000000000000000000010000000000000000000000000000000000000000000000000000000000000010000001000000000000000000000000000000000000000
0000000001000000000000000000000000000000000000000000000000000000000000000000000000000000000010000001000000000000000000000000000000000000000000000000000000000000000000000000000000010000000000000000000000000000000000000000000000000000000000000000000
0000000000000000000000000000000000000000000000000000000000000000000000000000100000000000000000100000000000000000001000000000000000000000000000000000000000000000000000000000000000000000000000000000000000000000000000000000000000000000000000000000000
0000000000000000000000000000000000000000000000100000000000000000000000000000100000000000000000100000000000000000001000000000000000000000000000000000000000000000000000000000000000000000000000000000000000000000000000000000000000000000000000000000000
0000000000000000000000000000000000000000000000000000000000000000000000000000000000000000000000100000000000000000001000000000000000000000000000000000000000001000000000000000000000000000000000000000000000000000000000000000000000000000000000000000000
0000000000000000000000000000000000000000000000100000000000000000000000000000000000000000000000100000000000000000001000000000000000000000000000000000000000001000000000000000000000000000000000000000000000000000000000000000000000000000000000000000000
0000000000000000000000000000000000000000000000100000000000000000000000000000100000000000000000100000000000000000001000000000000000000000000000000000000000001000000000000000000000000000000000000000000000000000000000000000000000000000000000000000000
0000000000000000000000000000000000000000000000000000000000000000000000000000100000000000000000100000000000000000001000000000000000000000000000000000000000001000000000000000000000000000000000000000000000000000000000000000000000000000000000000000000
0000000000000000000000000010000000000000000000000000000001000000000000000100010000000000000000000000000000000001000000000000000000000000000000000000000000000000000000000000000100000000000000000000000000000000000000000000000000000000000000000000000
0000010000000000000000000010000000000000001000000000000000000000000000000000000001000000000000001000000000000001000000000000000000000000000000000000000000000000000000000000000000000000000010000000000000000000000000000000000000000000000000000000000
0000000001000000000000000000000000000000000000000000000000000000000000000000000000000000000010000001000000000000000000000000000000000000000000000000000000000000000000000000000000000000000000000000000000000000100000000000000000000000000000000000000
0000000000000000000000000000000000000000000000000000000000000000000000000001100000000000000000000000000000000000001000000000000000000000000000000000000000001000000000000000000000000000000000000000000000000000000000000000000000000000000000000000000
0000000000000000000000000000000000000000000000100000000000000000000000000001100000000000000000000000000000000000001000000000000000000000000000000000000000001000000000000000000000000000000000000000000000000000000000000000000000000000000000000000000
0000000000000000000000000000000000000000000000100000000000000000000000000001000000000000000000000000000000000000001000000000000000000000000000000000000000001000000000000000000000000000000000000000000000000000000000000000000000000000000000000000000
0000000000000000000000000000000000000000000000100000000000000000000000000001100000000000000000000000000000000000001000000000000000000000000000000000000000000000000000000000000000000000000000000000000000000000000000000000000000000000000000000000000
