11111101
00000000
11111010
00100010
00100010
10110100
10100000
00100000
10100000
10100010
10110010
10100000
10100000
10100000
10100000
10100000
10101100
10101100
10100100
11110100
10111100
00111000
00100000
00100100
10100000
00100000
00111000
00100000
00111100
00111100
01100000
00110000
00100000
00100000
00100000
00100000
01101100
00000010
00100000
01100100
11101100
01001110
01000110
00110000
00000000
01101110
00010110
01101100
01101010
00000010
00000000
01000110
01101110
01001110
01000100
01000100
01000100
01000110
00000010
01000100
01001110
00011110
01010110
01011110
01000110
00001110
01000000
01001100
00011110
01011010
01010110
00010100
01010100
00001000
00010100
01010000
01000100
01001000
00000100
00010000
01010010
00001110
00000110
00011110
01011110
00000100
00011000
01011110
00001000
01001000
00000000
01000000
00001000
01001000
00000100
00001000
00001100
00001000
00001100
00011100
01011110
00010100
00000100
01000110
01001100
01000100
01001000
01001100
01000000
01000110
01001110
01011110
01011110
00010110
01011110
01001000
01001100
01000010
00000110
01010010
01011010
00001110
00000110
00000110
00001000
00001010