110000110011110011000011001111000011110011000011001111001100001111000011001111001100001100111100001111001100001100111100110000110011110011000011001111001100001111000011001111001100001100111100001111001100001100111100110000111100001100111100110000110011110
100110010110011010011001011001101001100101100110100110010110011010011001011001101001100101100110100110010110011010011001011001101001100101100110100110010110011010011001011001101001100101100110100110010110011010011001011001101001100101100110100110010110011
001111001100001100111100110000110011110011000011001111001100001111000011001111001100001100111100110000110011110011000011001111000011110011000011001111001100001100111100110000110011110011000011110000110011110011000011001111001100001100111100110000110011110
011010011001011001101001100101100110100110010110011010011001011010010110011010011001011001101001100101100110100110010110011010011001011001101001100101100110100110010110011010011001011001101001011010011001011001101001100101100110100110010110011010011001011
100110010110011010011001011001100110011010011001011001101001100101100110100110010110011010011001100110010110011010011001011001101001100101100110100110010110011001100110100110010110011010011001011001101001100101100110100110011001100101100110100110010110011
100110011001100101100110011001101001100110011001011001100110011001100110011001101001100110011001011001100110011010011001100110010110011001100110100110011001100101100110011001101001100110011001100110011001100101100110011001101001100110011001011001100110011
000000001111111100000000111111110000000011111111000000001111111111111111000000001111111100000000111111110000000011111111000000000000000011111111000000001111111100000000111111110000000011111111111111110000000011111111000000001111111100000000111111110000000
100110011001100101100110011001101001100110011001011001100110011001100110011001101001100110011001011001100110011010011001100110010110011001100110100110011001100101100110011001101001100110011001100110011001100101100110011001101001100110011001011001100110011
011010010110100110010110100101101001011010010110011010010110100110010110100101100110100101101001011010010110100110010110100101100110100101101001100101101001011010010110100101100110100101101001100101101001011001101001011010010110100101101001100101101001011
100101101001011010010110100101101001011010010110100101101001011001101001011010010110100101101001011010010110100101101001011010010110100101101001011010010110100101101001011010010110100101101001100101101001011010010110100101101001011010010110100101101001011
100101101001011010010110100101101001011010010110100101101001011001101001011010010110100101101001011010010110100101101001011010010110100101101001011010010110100101101001011010010110100101101001100101101001011010010110100101101001011010010110100101101001011
111111110000000011111111000000001111111100000000111111110000000000000000111111110000000011111111000000001111111100000000111111110000000011111111000000001111111100000000111111110000000011111111111111110000000011111111000000001111111100000000111111110000000
001111000011110000111100001111000011110000111100001111000011110011000011110000111100001111000011110000111100001111000011110000111100001111000011110000111100001111000011110000111100001111000011001111000011110000111100001111000011110000111100001111000011110
110000111100001111000011110000111100001111000011110000111100001100111100001111000011110000111100001111000011110000111100001111001100001111000011110000111100001111000011110000111100001111000011001111000011110000111100001111000011110000111100001111000011110
110011001100110011001100110011001100110011001100110011001100110000110011001100110011001100110011001100110011001100110011001100110011001100110011001100110011001100110011001100110011001100110011110011001100110011001100110011001100110011001100110011001100110
010101010101010101010101010101010101010101010101010101010101010110101010101010101010101010101010101010101010101010101010101010100101010101010101010101010101010101010101010101010101010101010101101010101010101010101010101010101010101010101010101010101010101
000000000000000000000000000000001111111111111111111111111111111111111111111111111111111111111111000000000000000000000000000000000000000000000000000000000000000011111111111111111111111111111111111111111111111111111111111111110000000000000000000000000000000
001100110011001111001100110011001100110011001100001100110011001111001100110011000011001100110011001100110011001111001100110011000011001100110011110011001100110011001100110011000011001100110011110011001100110000110011001100110011001100110011110011001100110
111100001111000000001111000011110000111100001111111100001111000000001111000011111111000011110000111100001111000000001111000011110000111100001111111100001111000011110000111100000000111100001111111100001111000000001111000011110000111100001111111100001111000
010110101010010101011010101001011010010101011010101001010101101010100101010110101010010101011010010110101010010101011010101001011010010101011010101001010101101001011010101001010101101010100101010110101010010101011010101001011010010101011010101001010101101
000011111111000011110000000011110000111111110000111100000000111111110000000011110000111111110000111100000000111100001111111100000000111111110000111100000000111100001111111100001111000000001111111100000000111100001111111100001111000000001111000011111111000
000011111111000011110000000011111111000000001111000011111111000011110000000011110000111111110000000011111111000011110000000011111111000000001111000011111111000000001111111100001111000000001111000011111111000011110000000011111111000000001111000011111111000
111100000000111100001111111100000000111111110000111100000000111100001111111100001111000000001111111100000000111100001111111100001111000000001111000011111111000000001111111100001111000000001111000011111111000011110000000011111111000000001111000011111111000
101010100101010101010101101010101010101001010101010101011010101001010101101010101010101001010101010101011010101010101010010101010101010110101010101010100101010101010101101010101010101001010101101010100101010101010101101010101010101001010101010101011010101
110011000011001100110011110011000011001111001100110011000011001100110011110011001100110000110011110011000011001100110011110011001100110000110011001100111100110000110011110011001100110000110011001100111100110011001100001100111100110000110011001100111100110
110000110011110011000011001111000011110011000011001111001100001100111100110000110011110011000011110000110011110011000011001111001100001100111100110000110011110000111100110000110011110011000011001111001100001100111100110000111100001100111100110000110011110
001100111100110011001100001100111100110000110011001100111100110011001100001100110011001111001100001100111100110011001100001100111100110000110011001100111100110000110011110011001100110000110011001100111100110011001100001100111100110000110011001100111100110
011001101001100110011001011001101001100101100110011001101001100110011001011001100110011010011001011001101001100110011001011001100110011010011001100110010110011010011001011001100110011010011001100110010110011001100110100110010110011010011001100110010110011
010110101010010101011010101001010101101010100101010110101010010110100101010110101010010101011010101001010101101010100101010110100101101010100101010110101010010101011010101001010101101010100101101001010101101010100101010110101010010101011010101001010101101
101001010101101001011010101001011010010101011010010110101010010101011010101001011010010101011010010110101010010110100101010110101010010101011010010110101010010110100101010110100101101010100101010110101010010110100101010110100101101010100101101001010101101
010110101010010110100101010110101010010101011010010110101010010110100101010110100101101010100101010110101010010110100101010110100101101010100101101001010101101010100101010110100101101010100101101001010101101001011010101001010101101010100101101001010101101
110000110011110000111100110000111100001100111100001111001100001100111100110000111100001100111100001111001100001111000011001111001100001100111100001111001100001111000011001111000011110011000011001111001100001111000011001111000011110011000011110000110011110
010101011010101001010101101010101010101001010101101010100101010110101010010101011010101001010101010101011010101001010101101010100101010110101010010101011010101010101010010101011010101001010101101010100101010110101010010101010101010110101010010101011010101
010110101010010110100101010110101010010101011010010110101010010110100101010110100101101010100101010110101010010110100101010110100101101010100101101001010101101010100101010110100101101010100101101001010101101001011010101001010101101010100101101001010101101
101001010101101010100101010110100101101010100101010110101010010101011010101001010101101010100101101001010101101010100101010110101010010101011010101001010101101001011010101001010101101010100101010110101010010101011010101001011010010101011010101001010101101
000011110000111100001111000011110000111100001111000011110000111111110000111100001111000011110000111100001111000011110000111100000000111100001111000011110000111100001111000011110000111100001111111100001111000011110000111100001111000011110000111100001111000
101010101010101001010101010101011010101010101010010101010101010101010101010101011010101010101010010101010101010110101010101010101010101010101010010101010101010110101010101010100101010101010101010101010101010110101010101010100101010101010101101010101010101
100110011001100101100110011001100110011001100110100110011001100101100110011001101001100110011001100110011001100101100110011001101001100110011001011001100110011001100110011001101001100110011001011001100110011010011001100110011001100110011001011001100110011
011001100110011010011001100110010110011001100110100110011001100110011001100110010110011001100110100110011001100101100110011001100110011001100110100110011001100101100110011001101001100110011001100110011001100101100110011001101001100110011001011001100110011
100110011001100110011001100110011001100110011001100110011001100101100110011001100110011001100110011001100110011001100110011001101001100110011001100110011001100110011001100110011001100110011001011001100110011001100110011001100110011001100110011001100110011
010101010101010110101010101010101010101010101010010101010101010110101010101010100101010101010101010101010101010110101010101010100101010101010101101010101010101010101010101010100101010101010101101010101010101001010101010101010101010101010101101010101010101
010101010101010101010101010101010101010101010101010101010101010110101010101010101010101010101010101010101010101010101010101010100101010101010101010101010101010101010101010101010101010101010101101010101010101010101010101010101010101010101010101010101010101
101010101010101001010101010101011010101010101010010101010101010101010101010101011010101010101010010101010101010110101010101010101010101010101010010101010101010110101010101010100101010101010101010101010101010110101010101010100101010101010101101010101010101
110011001100110000110011001100111100110011001100001100110011001100110011001100111100110011001100001100110011001111001100110011001100110011001100001100110011001111001100110011000011001100110011001100110011001111001100110011000011001100110011110011001100110
001100110011001111001100110011001100110011001100001100110011001111001100110011000011001100110011001100110011001111001100110011000011001100110011110011001100110011001100110011000011001100110011110011001100110000110011001100110011001100110011110011001100110
111111110000000000000000111111111111111100000000000000001111111100000000111111111111111100000000000000001111111111111111000000001111111100000000000000001111111111111111000000000000000011111111000000001111111111111111000000000000000011111111111111110000000
110000111100001111000011110000111100001111000011110000111100001100111100001111000011110000111100001111000011110000111100001111001100001111000011110000111100001111000011110000111100001111000011001111000011110000111100001111000011110000111100001111000011110
110000110011110011000011001111000011110011000011001111001100001100111100110000110011110011000011110000110011110011000011001111001100001100111100110000110011110000111100110000110011110011000011001111001100001100111100110000111100001100111100110000110011110
101001011010010101011010010110100101101001011010101001011010010101011010010110101010010110100101101001011010010101011010010110101010010110100101010110100101101001011010010110101010010110100101010110100101101010100101101001011010010110100101010110100101101
010110100101101010100101101001010101101001011010101001011010010110100101101001010101101001011010101001011010010101011010010110100101101001011010101001011010010101011010010110101010010110100101101001011010010101011010010110101010010110100101010110100101101
111111111111111100000000000000000000000000000000111111111111111100000000000000001111111111111111111111111111111100000000000000001111111111111111000000000000000000000000000000001111111111111111000000000000000011111111111111111111111111111111000000000000000
000011110000111111110000111100001111000011110000000011110000111111110000111100000000111100001111000011110000111111110000111100000000111100001111111100001111000011110000111100000000111100001111111100001111000000001111000011110000111100001111111100001111000
010101010101010101010101010101010101010101010101010101010101010110101010101010101010101010101010101010101010101010101010101010100101010101010101010101010101010101010101010101010101010101010101101010101010101010101010101010101010101010101010101010101010101
101010101010101010101010101010100101010101010101010101010101010101010101010101010101010101010101101010101010101010101010101010101010101010101010101010101010101001010101010101010101010101010101010101010101010101010101010101011010101010101010101010101010101
001111000011110000111100001111001100001111000011110000111100001111000011110000111100001111000011001111000011110000111100001111000011110000111100001111000011110011000011110000111100001111000011110000111100001111000011110000110011110000111100001111000011110
001111000011110000111100001111001100001111000011110000111100001111000011110000111100001111000011001111000011110000111100001111000011110000111100001111000011110011000011110000111100001111000011110000111100001111000011110000110011110000111100001111000011110
001100110011001100110011001100110011001100110011001100110011001111001100110011001100110011001100110011001100110011001100110011000011001100110011001100110011001100110011001100110011001100110011110011001100110011001100110011001100110011001100110011001100110
001111000011110011000011110000110011110000111100110000111100001111000011110000110011110000111100110000111100001100111100001111000011110000111100110000111100001100111100001111001100001111000011110000111100001100111100001111001100001111000011001111000011110
110000111100001111000011110000111100001111000011110000111100001100111100001111000011110000111100001111000011110000111100001111001100001111000011110000111100001111000011110000111100001111000011001111000011110000111100001111000011110000111100001111000011110
101001011010010110100101101001011010010110100101101001011010010101011010010110100101101001011010010110100101101001011010010110101010010110100101101001011010010110100101101001011010010110100101010110100101101001011010010110100101101001011010010110100101101
101010100101010110101010010101011010101001010101101010100101010101010101101010100101010110101010010101011010101001010101101010101010101001010101101010100101010110101010010101011010101001010101010101011010101001010101101010100101010110101010010101011010101
010101011010101010101010010101010101010110101010101010100101010110101010010101010101010110101010101010100101010101010101101010100101010110101010101010100101010101010101101010101010101001010101101010100101010101010101101010101010101001010101010101011010101
111100001111000000001111000011111111000011110000000011110000111100001111000011111111000011110000000011110000111111110000111100001111000011110000000011110000111111110000111100000000111100001111000011110000111111110000111100000000111100001111111100001111000
111111110000000000000000111111111111111100000000000000001111111100000000111111111111111100000000000000001111111111111111000000001111111100000000000000001111111111111111000000000000000011111111000000001111111111111111000000000000000011111111111111110000000
001100111100110011001100001100110011001111001100110011000011001111001100001100110011001111001100110011000011001100110011110011000011001111001100110011000011001100110011110011001100110000110011110011000011001100110011110011001100110000110011001100111100110
001111000011110011000011110000110011110000111100110000111100001111000011110000110011110000111100110000111100001100111100001111000011110000111100110000111100001100111100001111001100001111000011110000111100001100111100001111001100001111000011001111000011110
001111001100001100111100110000110011110011000011001111001100001111000011001111001100001100111100110000110011110011000011001111000011110011000011001111001100001100111100110000110011110011000011110000110011110011000011001111001100001100111100110000110011110
100110010110011001100110100110011001100101100110011001101001100101100110100110011001100101100110011001101001100110011001011001101001100101100110011001101001100110011001011001100110011010011001011001101001100110011001011001100110011010011001100110010110011
101001010101101001011010101001011010010101011010010110101010010101011010101001011010010101011010010110101010010110100101010110101010010101011010010110101010010110100101010110100101101010100101010110101010010110100101010110100101101010100101101001010101101
010101011010101001010101101010101010101001010101101010100101010110101010010101011010101001010101010101011010101001010101101010100101010110101010010101011010101010101010010101011010101001010101101010100101010110101010010101010101010110101010010101011010101
100110010110011001100110100110011001100101100110011001101001100101100110100110011001100101100110011001101001100110011001011001101001100101100110011001101001100110011001011001100110011010011001011001101001100110011001011001100110011010011001100110010110011
101010101010101001010101010101011010101010101010010101010101010101010101010101011010101010101010010101010101010110101010101010101010101010101010010101010101010110101010101010100101010101010101010101010101010110101010101010100101010101010101101010101010101
101001010101101001011010101001011010010101011010010110101010010101011010101001011010010101011010010110101010010110100101010110101010010101011010010110101010010110100101010110100101101010100101010110101010010110100101010110100101101010100101101001010101101
011010011001011001101001100101101001011001101001100101100110100110010110011010011001011001101001011010011001011001101001100101100110100110010110011010011001011010010110011010011001011001101001100101100110100110010110011010010110100110010110011010011001011
110000111100001111000011110000111100001111000011110000111100001100111100001111000011110000111100001111000011110000111100001111001100001111000011110000111100001111000011110000111100001111000011001111000011110000111100001111000011110000111100001111000011110
111111111111111100000000000000000000000000000000111111111111111100000000000000001111111111111111111111111111111100000000000000001111111111111111000000000000000000000000000000001111111111111111000000000000000011111111111111111111111111111111000000000000000
001111000011110000111100001111001100001111000011110000111100001111000011110000111100001111000011001111000011110000111100001111000011110000111100001111000011110011000011110000111100001111000011110000111100001111000011110000110011110000111100001111000011110
000000000000000011111111111111110000000000000000111111111111111111111111111111110000000000000000111111111111111100000000000000000000000000000000111111111111111100000000000000001111111111111111111111111111111100000000000000001111111111111111000000000000000
110000110011110000111100110000111100001100111100001111001100001100111100110000111100001100111100001111001100001111000011001111001100001100111100001111001100001111000011001111000011110011000011001111001100001111000011001111000011110011000011110000110011110
110011000011001111001100001100111100110000110011110011000011001100110011110011000011001111001100001100111100110000110011110011001100110000110011110011000011001111001100001100111100110000110011001100111100110000110011110011000011001111001100001100111100110
100101100110100110010110011010011001011001101001100101100110100101101001100101100110100110010110011010011001011001101001100101101001011001101001100101100110100110010110011010011001011001101001011010011001011001101001100101100110100110010110011010011001011
001111001100001100111100110000110011110011000011001111001100001111000011001111001100001100111100110000110011110011000011001111000011110011000011001111001100001100111100110000110011110011000011110000110011110011000011001111001100001100111100110000110011110
011010011001011001101001100101101001011001101001100101100110100110010110011010011001011001101001011010011001011001101001100101100110100110010110011010011001011010010110011010011001011001101001100101100110100110010110011010010110100110010110011010011001011
000011110000111111110000111100001111000011110000000011110000111111110000111100000000111100001111000011110000111111110000111100000000111100001111111100001111000011110000111100000000111100001111111100001111000000001111000011110000111100001111111100001111000
111100000000111100001111111100000000111111110000111100000000111100001111111100001111000000001111111100000000111100001111111100001111000000001111000011111111000000001111111100001111000000001111000011111111000011110000000011111111000000001111000011111111000
101001010101101001011010101001011010010101011010010110101010010101011010101001011010010101011010010110101010010110100101010110101010010101011010010110101010010110100101010110100101101010100101010110101010010110100101010110100101101010100101101001010101101
111100001111000000001111000011110000111100001111111100001111000011110000111100000000111100001111000011110000111111110000111100001111000011110000000011110000111100001111000011111111000011110000111100001111000000001111000011110000111100001111111100001111000
001100110011001100110011001100111100110011001100110011001100110000110011001100110011001100110011110011001100110011001100110011000011001100110011001100110011001111001100110011001100110011001100001100110011001100110011001100111100110011001100110011001100110
111100001111000000001111000011111111000011110000000011110000111100001111000011111111000011110000000011110000111111110000111100001111000011110000000011110000111111110000111100000000111100001111000011110000111111110000111100000000111100001111111100001111000
110011000011001100110011110011000011001111001100110011000011001100110011110011001100110000110011110011000011001100110011110011001100110000110011001100111100110000110011110011001100110000110011001100111100110011001100001100111100110000110011001100111100110
011001101001100110011001011001101001100101100110011001101001100110011001011001100110011010011001011001101001100110011001011001100110011010011001100110010110011010011001011001100110011010011001100110010110011001100110100110010110011010011001100110010110011
111100001111000000001111000011110000111100001111111100001111000011110000111100000000111100001111000011110000111111110000111100001111000011110000000011110000111100001111000011111111000011110000111100001111000000001111000011110000111100001111111100001111000
110011001100110011001100110011001100110011001100110011001100110011001100110011001100110011001100110011001100110011001100110011001100110011001100110011001100110011001100110011001100110011001100110011001100110011001100110011001100110011001100110011001100110
101001010101101010100101010110100101101010100101010110101010010101011010101001010101101010100101101001010101101010100101010110101010010101011010101001010101101001011010101001010101101010100101010110101010010101011010101001011010010101011010101001010101101
000011111111000000001111111100001111000000001111111100000000111111110000000011111111000000001111000011111111000000001111111100000000111111110000000011111111000011110000000011111111000000001111111100000000111111110000000011110000111111110000000011111111000
110011001100110011001100110011000011001100110011001100110011001100110011001100110011001100110011110011001100110011001100110011001100110011001100110011001100110000110011001100110011001100110011001100110011001100110011001100111100110011001100110011001100110
011001100110011001100110011001101001100110011001100110011001100110011001100110011001100110011001011001100110011001100110011001100110011001100110011001100110011010011001100110011001100110011001100110011001100110011001100110010110011001100110011001100110011
001111000011110011000011110000110011110000111100110000111100001111000011110000110011110000111100110000111100001100111100001111000011110000111100110000111100001100111100001111001100001111000011110000111100001100111100001111001100001111000011001111000011110
100101101001011001101001011010011001011010010110011010010110100101101001011010011001011010010110011010010110100110010110100101101001011010010110011010010110100110010110100101100110100101101001011010010110100110010110100101100110100101101001100101101001011
101001010101101001011010101001011010010101011010010110101010010101011010101001011010010101011010010110101010010110100101010110101010010101011010010110101010010110100101010110100101101010100101010110101010010110100101010110100101101010100101101001010101101
000011111111000011110000000011110000111111110000111100000000111111110000000011110000111111110000111100000000111100001111111100000000111111110000111100000000111100001111111100001111000000001111111100000000111100001111111100001111000000001111000011111111000
101001011010010101011010010110100101101001011010101001011010010101011010010110101010010110100101101001011010010101011010010110101010010110100101010110100101101001011010010110101010010110100101010110100101101010100101101001011010010110100101010110100101101
101001010101101010100101010110100101101010100101010110101010010101011010101001010101101010100101101001010101101010100101010110101010010101011010101001010101101001011010101001010101101010100101010110101010010101011010101001011010010101011010101001010101101
101001011010010101011010010110100101101001011010101001011010010101011010010110101010010110100101101001011010010101011010010110101010010110100101010110100101101001011010010110101010010110100101010110100101101010100101101001011010010110100101010110100101101
100110011001100101100110011001100110011001100110100110011001100101100110011001101001100110011001100110011001100101100110011001101001100110011001011001100110011001100110011001101001100110011001011001100110011010011001100110011001100110011001011001100110011
011001100110011001100110011001101001100110011001100110011001100110011001100110011001100110011001011001100110011001100110011001100110011001100110011001100110011010011001100110011001100110011001100110011001100110011001100110010110011001100110011001100110011
000000000000000000000000000000001111111111111111111111111111111111111111111111111111111111111111000000000000000000000000000000000000000000000000000000000000000011111111111111111111111111111111111111111111111111111111111111110000000000000000000000000000000
011001101001100101100110100110010110011010011001011001101001100110011001011001101001100101100110100110010110011010011001011001100110011010011001011001101001100101100110100110010110011010011001100110010110011010011001011001101001100101100110100110010110011
000000001111111100000000111111110000000011111111000000001111111111111111000000001111111100000000111111110000000011111111000000000000000011111111000000001111111100000000111111110000000011111111111111110000000011111111000000001111111100000000111111110000000
011001101001100101100110100110010110011010011001011001101001100110011001011001101001100101100110100110010110011010011001011001100110011010011001011001101001100101100110100110010110011010011001100110010110011010011001011001101001100101100110100110010110011
100110010110011001100110100110011001100101100110011001101001100101100110100110011001100101100110011001101001100110011001011001101001100101100110011001101001100110011001011001100110011010011001011001101001100110011001011001100110011010011001100110010110011
010101010101010101010101010101010101010101010101010101010101010110101010101010101010101010101010101010101010101010101010101010100101010101010101010101010101010101010101010101010101010101010101101010101010101010101010101010101010101010101010101010101010101
010101011010101010101010010101010101010110101010101010100101010110101010010101010101010110101010101010100101010101010101101010100101010110101010101010100101010101010101101010101010101001010101101010100101010101010101101010101010101001010101010101011010101
101010100101010110101010010101011010101001010101101010100101010101010101101010100101010110101010010101011010101001010101101010101010101001010101101010100101010110101010010101011010101001010101010101011010101001010101101010100101010110101010010101011010101
011010010110100110010110100101101001011010010110011010010110100110010110100101100110100101101001011010010110100110010110100101100110100101101001100101101001011010010110100101100110100101101001100101101001011001101001011010010110100101101001100101101001011
101001011010010101011010010110100101101001011010101001011010010101011010010110101010010110100101101001011010010101011010010110101010010110100101010110100101101001011010010110101010010110100101010110100101101010100101101001011010010110100101010110100101101
100101101001011001101001011010011001011010010110011010010110100101101001011010011001011010010110011010010110100110010110100101101001011010010110011010010110100110010110100101100110100101101001011010010110100110010110100101100110100101101001100101101001011
010110101010010101011010101001010101101010100101010110101010010110100101010110101010010101011010101001010101101010100101010110100101101010100101010110101010010101011010101001010101101010100101101001010101101010100101010110101010010101011010101001010101101
111100001111000011110000111100000000111100001111000011110000111100001111000011110000111100001111111100001111000011110000111100001111000011110000111100001111000000001111000011110000111100001111000011110000111100001111000011111111000011110000111100001111000
000011111111000000001111111100001111000000001111111100000000111111110000000011111111000000001111000011111111000000001111111100000000111111110000000011111111000011110000000011111111000000001111111100000000111111110000000011110000111111110000000011111111000
101010101010101010101010101010100101010101010101010101010101010101010101010101010101010101010101101010101010101010101010101010101010101010101010101010101010101001010101010101010101010101010101010101010101010101010101010101011010101010101010101010101010101
101010101010101010101010101010100101010101010101010101010101010101010101010101010101010101010101101010101010101010101010101010101010101010101010101010101010101001010101010101010101010101010101010101010101010101010101010101011010101010101010101010101010101
001100111100110000110011110011001100110000110011110011000011001111001100001100111100110000110011001100111100110000110011110011000011001111001100001100111100110011001100001100111100110000110011110011000011001111001100001100110011001111001100001100111100110
000000000000000000000000000000001111111111111111111111111111111111111111111111111111111111111111000000000000000000000000000000000000000000000000000000000000000011111111111111111111111111111111111111111111111111111111111111110000000000000000000000000000000
110011001100110000110011001100111100110011001100001100110011001100110011001100111100110011001100001100110011001111001100110011001100110011001100001100110011001111001100110011000011001100110011001100110011001111001100110011000011001100110011110011001100110
001100111100110011001100001100110011001111001100110011000011001111001100001100110011001111001100110011000011001100110011110011000011001111001100110011000011001100110011110011001100110000110011110011000011001100110011110011001100110000110011001100111100110
101001011010010110100101101001011010010110100101101001011010010101011010010110100101101001011010010110100101101001011010010110101010010110100101101001011010010110100101101001011010010110100101010110100101101001011010010110100101101001011010010110100101101
001111000011110011000011110000110011110000111100110000111100001111000011110000110011110000111100110000111100001100111100001111000011110000111100110000111100001100111100001111001100001111000011110000111100001100111100001111001100001111000011001111000011110
010101011010101001010101101010101010101001010101101010100101010110101010010101011010101001010101010101011010101001010101101010100101010110101010010101011010101010101010010101011010101001010101101010100101010110101010010101010101010110101010010101011010101
010101011010101001010101101010101010101001010101101010100101010110101010010101011010101001010101010101011010101001010101101010100101010110101010010101011010101010101010010101011010101001010101101010100101010110101010010101010101010110101010010101011010101
101010100101010101010101101010100101010110101010101010100101010101010101101010101010101001010101101010100101010101010101101010101010101001010101010101011010101001010101101010101010101001010101010101011010101010101010010101011010101001010101010101011010101
010101011010101001010101101010101010101001010101101010100101010110101010010101011010101001010101010101011010101001010101101010100101010110101010010101011010101010101010010101011010101001010101101010100101010110101010010101010101010110101010010101011010101
000000000000000000000000000000000000000000000000000000000000000000000000000000000000000000000000000000000000000000000000000000000000000000000000000000000000000000000000000000000000000000000000000000000000000000000000000000000000000000000000000000000000000
000000000000000000000000000000001111111111111111111111111111111111111111111111111111111111111111000000000000000000000000000000000000000000000000000000000000000011111111111111111111111111111111111111111111111111111111111111110000000000000000000000000000000
000000000000000000000000000000001111111111111111111111111111111111111111111111111111111111111111000000000000000000000000000000000000000000000000000000000000000011111111111111111111111111111111111111111111111111111111111111110000000000000000000000000000000
000000000000000000000000000000000000000000000000000000000000000000000000000000000000000000000000000000000000000000000000000000000000000000000000000000000000000000000000000000000000000000000000000000000000000000000000000000000000000000000000000000000000000
