110000110011110011000011001111000011110011000011001111001100001111000011001111001100001100111100001111001100001100111100110000110011110011000011001111001100001111000011001111001100001100111100001111001100001100111100110000111100001100111100110000110011110001111001100001100111100110000111100001100111100110000110011110000111100110000110011110011000011110000110011110011000011001111001100001100111100110000110011110000111100110000110011110011000011110000110011110011000011001111000011110011000011001111001100001
100110010110011010011001011001101001100101100110100110010110011010011001011001101001100101100110100110010110011010011001011001101001100101100110100110010110011010011001011001101001100101100110100110010110011010011001011001101001100101100110100110010110011011001101001100101100110100110010110011010011001011001101001100101100110100110010110011010011001011001101001100101100110100110010110011010011001011001101001100101100110100110010110011010011001011001101001100101100110100110010110011010011001011001101001100
001111001100001100111100110000110011110011000011001111001100001111000011001111001100001100111100110000110011110011000011001111000011110011000011001111001100001100111100110000110011110011000011110000110011110011000011001111001100001100111100110000110011110110000110011110011000011001111001100001100111100110000110011110000111100110000110011110011000011001111001100001100111100110000111100001100111100110000110011110011000011001111001100001100111100001111001100001100111100110000110011110011000011001111001100001
011010011001011001101001100101100110100110010110011010011001011010010110011010011001011001101001100101100110100110010110011010011001011001101001100101100110100110010110011010011001011001101001011010011001011001101001100101100110100110010110011010011001011100101100110100110010110011010011001011001101001100101100110100101101001100101100110100110010110011010011001011001101001100101100110100110010110011010011001011001101001100101100110100110010110100101100110100110010110011010011001011001101001100101100110100
100110010110011010011001011001100110011010011001011001101001100101100110100110010110011010011001100110010110011010011001011001101001100101100110100110010110011001100110100110010110011010011001011001101001100101100110100110011001100101100110100110010110011011001101001100101100110100110011001100101100110100110010110011010011001011001101001100101100110011001101001100101100110100110010110011010011001011001101001100110011001011001101001100101100110100110010110011010011001011001100110011010011001011001101001100
100110011001100101100110011001101001100110011001011001100110011001100110011001101001100110011001011001100110011010011001100110010110011001100110100110011001100101100110011001101001100110011001100110011001100101100110011001101001100110011001011001100110011011001100110011010011001100110010110011001100110100110011001100110011001100110010110011001100110100110011001100101100110011001101001100110011001011001100110011010011001100110010110011001100110011001100110011010011001100110010110011001100110100110011001100
000000001111111100000000111111110000000011111111000000001111111111111111000000001111111100000000111111110000000011111111000000000000000011111111000000001111111100000000111111110000000011111111111111110000000011111111000000001111111100000000111111110000000111111110000000011111111000000001111111100000000111111110000000000000000111111110000000011111111000000001111111100000000111111111111111100000000111111110000000011111111000000001111111100000000000000001111111100000000111111110000000011111111000000001111111
100110011001100101100110011001101001100110011001011001100110011001100110011001101001100110011001011001100110011010011001100110010110011001100110100110011001100101100110011001101001100110011001100110011001100101100110011001101001100110011001011001100110011011001100110011010011001100110010110011001100110100110011001100110011001100110010110011001100110100110011001100101100110011001101001100110011001011001100110011010011001100110010110011001100110011001100110011010011001100110010110011001100110100110011001100
011010010110100110010110100101101001011010010110011010010110100110010110100101100110100101101001011010010110100110010110100101100110100101101001100101101001011010010110100101100110100101101001100101101001011001101001011010010110100101101001100101101001011100101101001011001101001011010010110100101101001100101101001011001101001011010011001011010010110100101101001011001101001011010011001011010010110011010010110100101101001011010011001011010010110011010010110100110010110100101101001011010010110011010010110100
100101101001011010010110100101101001011010010110100101101001011001101001011010010110100101101001011010010110100101101001011010010110100101101001011010010110100101101001011010010110100101101001100101101001011010010110100101101001011010010110100101101001011011010010110100101101001011010010110100101101001011010010110100110010110100101101001011010010110100101101001011010010110100101101001011010010110100101101001011010010110100101101001011010010110011010010110100101101001011010010110100101101001011010010110100
100101101001011010010110100101101001011010010110100101101001011001101001011010010110100101101001011010010110100101101001011010010110100101101001011010010110100101101001011010010110100101101001100101101001011010010110100101101001011010010110100101101001011011010010110100101101001011010010110100101101001011010010110100110010110100101101001011010010110100101101001011010010110100101101001011010010110100101101001011010010110100101101001011010010110011010010110100101101001011010010110100101101001011010010110100
111111110000000011111111000000001111111100000000111111110000000000000000111111110000000011111111000000001111111100000000111111110000000011111111000000001111111100000000111111110000000011111111111111110000000011111111000000001111111100000000111111110000000000000001111111100000000111111110000000011111111000000001111111111111111000000001111111100000000111111110000000011111111000000001111111100000000111111110000000011111111000000001111111100000000000000001111111100000000111111110000000011111111000000001111111
001111000011110000111100001111000011110000111100001111000011110011000011110000111100001111000011110000111100001111000011110000111100001111000011110000111100001111000011110000111100001111000011001111000011110000111100001111000011110000111100001111000011110110000111100001111000011110000111100001111000011110000111100001100111100001111000011110000111100001111000011110000111100001111000011110000111100001111000011110000111100001111000011110000111100110000111100001111000011110000111100001111000011110000111100001
110000111100001111000011110000111100001111000011110000111100001100111100001111000011110000111100001111000011110000111100001111001100001111000011110000111100001111000011110000111100001111000011001111000011110000111100001111000011110000111100001111000011110001111000011110000111100001111000011110000111100001111000011110011000011110000111100001111000011110000111100001111000011110000110011110000111100001111000011110000111100001111000011110000111100110000111100001111000011110000111100001111000011110000111100001
110011001100110011001100110011001100110011001100110011001100110000110011001100110011001100110011001100110011001100110011001100110011001100110011001100110011001100110011001100110011001100110011110011001100110011001100110011001100110011001100110011001100110001100110011001100110011001100110011001100110011001100110011001111001100110011001100110011001100110011001100110011001100110011001100110011001100110011001100110011001100110011001100110011001100001100110011001100110011001100110011001100110011001100110011001
010101010101010101010101010101010101010101010101010101010101010110101010101010101010101010101010101010101010101010101010101010100101010101010101010101010101010101010101010101010101010101010101101010101010101010101010101010101010101010101010101010101010101101010101010101010101010101010101010101010101010101010101010101001010101010101010101010101010101010101010101010101010101010101011010101010101010101010101010101010101010101010101010101010101010010101010101010101010101010101010101010101010101010101010101010
000000000000000000000000000000001111111111111111111111111111111111111111111111111111111111111111000000000000000000000000000000000000000000000000000000000000000011111111111111111111111111111111111111111111111111111111111111110000000000000000000000000000000111111111111111111111111111111110000000000000000000000000000000000000000000000000000000000000000111111111111111111111111111111111111111111111111111111111111111100000000000000000000000000000000000000000000000000000000000000001111111111111111111111111111111
001100110011001111001100110011001100110011001100001100110011001111001100110011000011001100110011001100110011001111001100110011000011001100110011110011001100110011001100110011000011001100110011110011001100110000110011001100110011001100110011110011001100110110011001100110000110011001100110011001100110011110011001100110000110011001100111100110011001100110011001100110000110011001100111100110011001100001100110011001100110011001100111100110011001100001100110011001111001100110011001100110011001100001100110011001
111100001111000000001111000011110000111100001111111100001111000000001111000011111111000011110000111100001111000000001111000011110000111100001111111100001111000011110000111100000000111100001111111100001111000000001111000011110000111100001111111100001111000000011110000111111110000111100001111000011110000000011110000111111110000111100000000111100001111000011110000111111110000111100001111000011110000000011110000111100001111000011111111000011110000000011110000111111110000111100001111000011110000000011110000111
010110101010010101011010101001011010010101011010101001010101101010100101010110101010010101011010010110101010010101011010101001011010010101011010101001010101101001011010101001010101101010100101010110101010010101011010101001011010010101011010101001010101101101001010101101010100101010110100101101010100101010110101010010101011010101001010101101010100101101001010101101010100101010110100101101010100101010110101010010110100101010110101010010101011010101001010101101010100101010110100101101010100101010110101010010
000011111111000011110000000011110000111111110000111100000000111111110000000011110000111111110000111100000000111100001111111100000000111111110000111100000000111100001111111100001111000000001111111100000000111100001111111100001111000000001111000011111111000111100000000111100001111111100001111000000001111000011111111000000001111111100001111000000001111000011111111000011110000000011111111000000001111000011111111000011110000000011110000111111110000000011111111000011110000000011110000111111110000111100000000111
000011111111000011110000000011111111000000001111000011111111000011110000000011110000111111110000000011111111000011110000000011111111000000001111000011111111000000001111111100001111000000001111000011111111000011110000000011111111000000001111000011111111000111100000000111100001111111100000000111111110000111100000000111100001111111100001111000000001111111100000000111100001111111100000000111111110000111100000000111111110000000011110000111111110000111100000000111100001111111100000000111111110000111100000000111
111100000000111100001111111100000000111111110000111100000000111100001111111100001111000000001111111100000000111100001111111100001111000000001111000011111111000000001111111100001111000000001111000011111111000011110000000011111111000000001111000011111111000000011111111000011110000000011111111000000001111000011111111000011110000000011110000111111110000000011111111000011110000000011110000111111110000111100000000111111110000000011110000111111110000111100000000111100001111111100000000111111110000111100000000111
101010100101010101010101101010101010101001010101010101011010101001010101101010101010101001010101010101011010101010101010010101010101010110101010101010100101010101010101101010101010101001010101101010100101010101010101101010101010101001010101010101011010101010101011010101010101010010101010101010110101010101010100101010110101010010101010101010110101010101010100101010101010101101010101010101001010101010101011010101010101010010101010101010110101010010101011010101010101010010101010101010110101010101010100101010
110011000011001100110011110011000011001111001100110011000011001100110011110011001100110000110011110011000011001100110011110011001100110000110011001100111100110000110011110011001100110000110011001100111100110011001100001100111100110000110011001100111100110001100111100110011001100001100111100110000110011001100111100110011001100001100110011001111001100001100111100110011001100001100110011001111001100110011000011001111001100001100110011001111001100110011000011001100110011110011000011001111001100110011000011001
110000110011110011000011001111000011110011000011001111001100001100111100110000110011110011000011110000110011110011000011001111001100001100111100110000110011110000111100110000110011110011000011001111001100001100111100110000111100001100111100110000110011110001111001100001100111100110000111100001100111100110000110011110011000011001111001100001100111100001111001100001100111100110000110011110011000011001111001100001111000011001111001100001100111100110000110011110011000011001111000011110011000011001111001100001
001100111100110011001100001100111100110000110011001100111100110011001100001100110011001111001100001100111100110011001100001100111100110000110011001100111100110000110011110011001100110000110011001100111100110011001100001100111100110000110011001100111100110110011000011001100110011110011000011001111001100110011000011001100110011110011001100110000110011110011000011001100110011110011000011001111001100110011000011001111001100001100110011001111001100110011000011001100110011110011000011001111001100110011000011001
011001101001100110011001011001101001100101100110011001101001100110011001011001100110011010011001011001101001100110011001011001100110011010011001100110010110011010011001011001100110011010011001100110010110011001100110100110010110011010011001100110010110011100110010110011001100110100110010110011010011001100110010110011001100110100110011001100101100110100110010110011001100110100110011001100101100110011001101001100101100110100110011001100101100110011001101001100110011001011001101001100101100110011001101001100
010110101010010101011010101001010101101010100101010110101010010110100101010110101010010101011010101001010101101010100101010110100101101010100101010110101010010101011010101001010101101010100101101001010101101010100101010110101010010101011010101001010101101101001010101101010100101010110101010010101011010101001010101101001011010101001010101101010100101010110101010010101011010101001011010010101011010101001010101101010100101010110101010010101011010010110101010010101011010101001010101101010100101010110101010010
101001010101101001011010101001011010010101011010010110101010010101011010101001011010010101011010010110101010010110100101010110101010010101011010010110101010010110100101010110100101101010100101010110101010010110100101010110100101101010100101101001010101101010110101010010110100101010110100101101010100101101001010101101010100101010110100101101010100101101001010101101001011010101001010101101010100101101001010101101001011010101001011010010101011010101001010101101001011010101001011010010101011010010110101010010
010110101010010110100101010110101010010101011010010110101010010110100101010110100101101010100101010110101010010110100101010110100101101010100101101001010101101010100101010110100101101010100101101001010101101001011010101001010101101010100101101001010101101101001010101101001011010101001010101101010100101101001010101101001011010101001011010010101011010101001010101101001011010101001011010010101011010010110101010010101011010101001011010010101011010010110101010010110100101010110101010010101011010010110101010010
110000110011110000111100110000111100001100111100001111001100001100111100110000111100001100111100001111001100001111000011001111001100001100111100001111001100001111000011001111000011110011000011001111001100001111000011001111000011110011000011110000110011110001111001100001111000011001111000011110011000011110000110011110011000011001111000011110011000011110000110011110000111100110000110011110011000011110000110011110000111100110000111100001100111100110000110011110000111100110000111100001100111100001111001100001
010101011010101001010101101010101010101001010101101010100101010110101010010101011010101001010101010101011010101001010101101010100101010110101010010101011010101010101010010101011010101001010101101010100101010110101010010101010101010110101010010101011010101101010100101010110101010010101010101010110101010010101011010101001010101101010100101010110101010101010100101010110101010010101011010101001010101101010100101010101010101101010100101010110101010010101011010101001010101101010101010101001010101101010100101010
010110101010010110100101010110101010010101011010010110101010010110100101010110100101101010100101010110101010010110100101010110100101101010100101101001010101101010100101010110100101101010100101101001010101101001011010101001010101101010100101101001010101101101001010101101001011010101001010101101010100101101001010101101001011010101001011010010101011010101001010101101001011010101001011010010101011010010110101010010101011010101001011010010101011010010110101010010110100101010110101010010101011010010110101010010
101001010101101010100101010110100101101010100101010110101010010101011010101001010101101010100101101001010101101010100101010110101010010101011010101001010101101001011010101001010101101010100101010110101010010101011010101001011010010101011010101001010101101010110101010010101011010101001011010010101011010101001010101101010100101010110101010010101011010010110101010010101011010101001010101101010100101010110101010010110100101010110101010010101011010101001010101101010100101010110100101101010100101010110101010010
000011110000111100001111000011110000111100001111000011110000111111110000111100001111000011110000111100001111000011110000111100000000111100001111000011110000111100001111000011110000111100001111111100001111000011110000111100001111000011110000111100001111000111100001111000011110000111100001111000011110000111100001111000000001111000011110000111100001111000011110000111100001111000011111111000011110000111100001111000011110000111100001111000011110000000011110000111100001111000011110000111100001111000011110000111
101010101010101001010101010101011010101010101010010101010101010101010101010101011010101010101010010101010101010110101010101010101010101010101010010101010101010110101010101010100101010101010101010101010101010110101010101010100101010101010101101010101010101010101010101010110101010101010100101010101010101101010101010101010101010101010100101010101010101101010101010101001010101010101010101010101010101101010101010101001010101010101011010101010101010101010101010101001010101010101011010101010101010010101010101010
100110011001100101100110011001100110011001100110100110011001100101100110011001101001100110011001100110011001100101100110011001101001100110011001011001100110011001100110011001101001100110011001011001100110011010011001100110011001100110011001011001100110011011001100110011010011001100110011001100110011001011001100110011010011001100110010110011001100110011001100110011010011001100110010110011001100110100110011001100110011001100110010110011001100110100110011001100101100110011001100110011001100110100110011001100
011001100110011010011001100110010110011001100110100110011001100110011001100110010110011001100110100110011001100101100110011001100110011001100110100110011001100101100110011001101001100110011001100110011001100101100110011001101001100110011001011001100110011100110011001100101100110011001101001100110011001011001100110011001100110011001101001100110011001011001100110011010011001100110011001100110011001011001100110011010011001100110010110011001100110011001100110011010011001100110010110011001100110100110011001100
100110011001100110011001100110011001100110011001100110011001100101100110011001100110011001100110011001100110011001100110011001101001100110011001100110011001100110011001100110011001100110011001011001100110011001100110011001100110011001100110011001100110011011001100110011001100110011001100110011001100110011001100110011010011001100110011001100110011001100110011001100110011001100110010110011001100110011001100110011001100110011001100110011001100110100110011001100110011001100110011001100110011001100110011001100
010101010101010110101010101010101010101010101010010101010101010110101010101010100101010101010101010101010101010110101010101010100101010101010101101010101010101010101010101010100101010101010101101010101010101001010101010101010101010101010101101010101010101101010101010101001010101010101010101010101010101101010101010101001010101010101011010101010101010101010101010101001010101010101011010101010101010010101010101010101010101010101011010101010101010010101010101010110101010101010101010101010101010010101010101010
010101010101010101010101010101010101010101010101010101010101010110101010101010101010101010101010101010101010101010101010101010100101010101010101010101010101010101010101010101010101010101010101101010101010101010101010101010101010101010101010101010101010101101010101010101010101010101010101010101010101010101010101010101001010101010101010101010101010101010101010101010101010101010101011010101010101010101010101010101010101010101010101010101010101010010101010101010101010101010101010101010101010101010101010101010
101010101010101001010101010101011010101010101010010101010101010101010101010101011010101010101010010101010101010110101010101010101010101010101010010101010101010110101010101010100101010101010101010101010101010110101010101010100101010101010101101010101010101010101010101010110101010101010100101010101010101101010101010101010101010101010100101010101010101101010101010101001010101010101010101010101010101101010101010101001010101010101011010101010101010101010101010101001010101010101011010101010101010010101010101010
110011001100110000110011001100111100110011001100001100110011001100110011001100111100110011001100001100110011001111001100110011001100110011001100001100110011001111001100110011000011001100110011001100110011001111001100110011000011001100110011110011001100110001100110011001111001100110011000011001100110011110011001100110011001100110011000011001100110011110011001100110000110011001100110011001100110011110011001100110000110011001100111100110011001100110011001100110000110011001100111100110011001100001100110011001
001100110011001111001100110011001100110011001100001100110011001111001100110011000011001100110011001100110011001111001100110011000011001100110011110011001100110011001100110011000011001100110011110011001100110000110011001100110011001100110011110011001100110110011001100110000110011001100110011001100110011110011001100110000110011001100111100110011001100110011001100110000110011001100111100110011001100001100110011001100110011001100111100110011001100001100110011001111001100110011001100110011001100001100110011001
111111110000000000000000111111111111111100000000000000001111111100000000111111111111111100000000000000001111111111111111000000001111111100000000000000001111111111111111000000000000000011111111000000001111111111111111000000000000000011111111111111110000000000000001111111111111111000000000000000011111111111111110000000011111111000000000000000011111111111111110000000000000000111111110000000011111111111111110000000000000000111111111111111100000000111111110000000000000000111111111111111100000000000000001111111
110000111100001111000011110000111100001111000011110000111100001100111100001111000011110000111100001111000011110000111100001111001100001111000011110000111100001111000011110000111100001111000011001111000011110000111100001111000011110000111100001111000011110001111000011110000111100001111000011110000111100001111000011110011000011110000111100001111000011110000111100001111000011110000110011110000111100001111000011110000111100001111000011110000111100110000111100001111000011110000111100001111000011110000111100001
110000110011110011000011001111000011110011000011001111001100001100111100110000110011110011000011110000110011110011000011001111001100001100111100110000110011110000111100110000110011110011000011001111001100001100111100110000111100001100111100110000110011110001111001100001100111100110000111100001100111100110000110011110011000011001111001100001100111100001111001100001100111100110000110011110011000011001111001100001111000011001111001100001100111100110000110011110011000011001111000011110011000011001111001100001
101001011010010101011010010110100101101001011010101001011010010101011010010110101010010110100101101001011010010101011010010110101010010110100101010110100101101001011010010110101010010110100101010110100101101010100101101001011010010110100101010110100101101010110100101101010100101101001011010010110100101010110100101101010100101101001010101101001011010010110100101101010100101101001010101101001011010101001011010010110100101101001010101101001011010101001011010010101011010010110100101101001011010101001011010010
010110100101101010100101101001010101101001011010101001011010010110100101101001010101101001011010101001011010010101011010010110100101101001011010101001011010010101011010010110101010010110100101101001011010010101011010010110101010010110100101010110100101101101001011010010101011010010110101010010110100101010110100101101001011010010110101010010110100101010110100101101010100101101001011010010110100101010110100101101010100101101001010101101001011010010110100101101010100101101001010101101001011010101001011010010
111111111111111100000000000000000000000000000000111111111111111100000000000000001111111111111111111111111111111100000000000000001111111111111111000000000000000000000000000000001111111111111111000000000000000011111111111111111111111111111111000000000000000000000000000000011111111111111111111111111111111000000000000000011111111111111110000000000000000000000000000000011111111111111110000000000000000111111111111111111111111111111110000000000000000111111111111111100000000000000000000000000000000111111111111111
000011110000111111110000111100001111000011110000000011110000111111110000111100000000111100001111000011110000111111110000111100000000111100001111111100001111000011110000111100000000111100001111111100001111000000001111000011110000111100001111111100001111000111100001111000000001111000011110000111100001111111100001111000000001111000011111111000011110000111100001111000000001111000011111111000011110000000011110000111100001111000011111111000011110000000011110000111111110000111100001111000011110000000011110000111
010101010101010101010101010101010101010101010101010101010101010110101010101010101010101010101010101010101010101010101010101010100101010101010101010101010101010101010101010101010101010101010101101010101010101010101010101010101010101010101010101010101010101101010101010101010101010101010101010101010101010101010101010101001010101010101010101010101010101010101010101010101010101010101011010101010101010101010101010101010101010101010101010101010101010010101010101010101010101010101010101010101010101010101010101010
101010101010101010101010101010100101010101010101010101010101010101010101010101010101010101010101101010101010101010101010101010101010101010101010101010101010101001010101010101010101010101010101010101010101010101010101010101011010101010101010101010101010101010101010101010101010101010101011010101010101010101010101010101010101010101010101010101010101010010101010101010101010101010101010101010101010101010101010101010110101010101010101010101010101010101010101010101010101010101010100101010101010101010101010101010
001111000011110000111100001111001100001111000011110000111100001111000011110000111100001111000011001111000011110000111100001111000011110000111100001111000011110011000011110000111100001111000011110000111100001111000011110000110011110000111100001111000011110110000111100001111000011110000110011110000111100001111000011110000111100001111000011110000111100110000111100001111000011110000111100001111000011110000111100001100111100001111000011110000111100001111000011110000111100001111001100001111000011110000111100001
001111000011110000111100001111001100001111000011110000111100001111000011110000111100001111000011001111000011110000111100001111000011110000111100001111000011110011000011110000111100001111000011110000111100001111000011110000110011110000111100001111000011110110000111100001111000011110000110011110000111100001111000011110000111100001111000011110000111100110000111100001111000011110000111100001111000011110000111100001100111100001111000011110000111100001111000011110000111100001111001100001111000011110000111100001
001100110011001100110011001100110011001100110011001100110011001111001100110011001100110011001100110011001100110011001100110011000011001100110011001100110011001100110011001100110011001100110011110011001100110011001100110011001100110011001100110011001100110110011001100110011001100110011001100110011001100110011001100110000110011001100110011001100110011001100110011001100110011001100111100110011001100110011001100110011001100110011001100110011001100001100110011001100110011001100110011001100110011001100110011001
001111000011110011000011110000110011110000111100110000111100001111000011110000110011110000111100110000111100001100111100001111000011110000111100110000111100001100111100001111001100001111000011110000111100001100111100001111001100001111000011001111000011110110000111100001100111100001111001100001111000011001111000011110000111100001111001100001111000011001111000011110011000011110000111100001111000011001111000011110011000011110000110011110000111100001111000011110011000011110000110011110000111100110000111100001
110000111100001111000011110000111100001111000011110000111100001100111100001111000011110000111100001111000011110000111100001111001100001111000011110000111100001111000011110000111100001111000011001111000011110000111100001111000011110000111100001111000011110001111000011110000111100001111000011110000111100001111000011110011000011110000111100001111000011110000111100001111000011110000110011110000111100001111000011110000111100001111000011110000111100110000111100001111000011110000111100001111000011110000111100001
101001011010010110100101101001011010010110100101101001011010010101011010010110100101101001011010010110100101101001011010010110101010010110100101101001011010010110100101101001011010010110100101010110100101101001011010010110100101101001011010010110100101101010110100101101001011010010110100101101001011010010110100101101010100101101001011010010110100101101001011010010110100101101001010101101001011010010110100101101001011010010110100101101001011010101001011010010110100101101001011010010110100101101001011010010
101010100101010110101010010101011010101001010101101010100101010101010101101010100101010110101010010101011010101001010101101010101010101001010101101010100101010110101010010101011010101001010101010101011010101001010101101010100101010110101010010101011010101010101011010101001010101101010100101010110101010010101011010101010101010010101011010101001010101101010100101010110101010010101010101010110101010010101011010101001010101101010100101010110101010101010100101010110101010010101011010101001010101101010100101010
010101011010101010101010010101010101010110101010101010100101010110101010010101010101010110101010101010100101010101010101101010100101010110101010101010100101010101010101101010101010101001010101101010100101010101010101101010101010101001010101010101011010101101010100101010101010101101010101010101001010101010101011010101001010101101010101010101001010101010101011010101010101010010101011010101001010101010101011010101010101010010101010101010110101010010101011010101010101010010101010101010110101010101010100101010
111100001111000000001111000011111111000011110000000011110000111100001111000011111111000011110000000011110000111111110000111100001111000011110000000011110000111111110000111100000000111100001111000011110000111111110000111100000000111100001111111100001111000000011110000111111110000111100000000111100001111111100001111000011110000111100000000111100001111111100001111000000001111000011110000111100001111111100001111000000001111000011111111000011110000111100001111000000001111000011111111000011110000000011110000111
111111110000000000000000111111111111111100000000000000001111111100000000111111111111111100000000000000001111111111111111000000001111111100000000000000001111111111111111000000000000000011111111000000001111111111111111000000000000000011111111111111110000000000000001111111111111111000000000000000011111111111111110000000011111111000000000000000011111111111111110000000000000000111111110000000011111111111111110000000000000000111111111111111100000000111111110000000000000000111111111111111100000000000000001111111
001100111100110011001100001100110011001111001100110011000011001111001100001100110011001111001100110011000011001100110011110011000011001111001100110011000011001100110011110011001100110000110011110011000011001100110011110011001100110000110011001100111100110110011000011001100110011110011001100110000110011001100111100110000110011110011001100110000110011001100111100110011001100001100111100110000110011001100111100110011001100001100110011001111001100001100111100110011001100001100110011001111001100110011000011001
001111000011110011000011110000110011110000111100110000111100001111000011110000110011110000111100110000111100001100111100001111000011110000111100110000111100001100111100001111001100001111000011110000111100001100111100001111001100001111000011001111000011110110000111100001100111100001111001100001111000011001111000011110000111100001111001100001111000011001111000011110011000011110000111100001111000011001111000011110011000011110000110011110000111100001111000011110011000011110000110011110000111100110000111100001
001111001100001100111100110000110011110011000011001111001100001111000011001111001100001100111100110000110011110011000011001111000011110011000011001111001100001100111100110000110011110011000011110000110011110011000011001111001100001100111100110000110011110110000110011110011000011001111001100001100111100110000110011110000111100110000110011110011000011001111001100001100111100110000111100001100111100110000110011110011000011001111001100001100111100001111001100001100111100110000110011110011000011001111001100001
100110010110011001100110100110011001100101100110011001101001100101100110100110011001100101100110011001101001100110011001011001101001100101100110011001101001100110011001011001100110011010011001011001101001100110011001011001100110011010011001100110010110011011001101001100110011001011001100110011010011001100110010110011010011001011001100110011010011001100110010110011001100110100110010110011010011001100110010110011001100110100110011001100101100110100110010110011001100110100110011001100101100110011001101001100
101001010101101001011010101001011010010101011010010110101010010101011010101001011010010101011010010110101010010110100101010110101010010101011010010110101010010110100101010110100101101010100101010110101010010110100101010110100101101010100101101001010101101010110101010010110100101010110100101101010100101101001010101101010100101010110100101101010100101101001010101101001011010101001010101101010100101101001010101101001011010101001011010010101011010101001010101101001011010101001011010010101011010010110101010010
010101011010101001010101101010101010101001010101101010100101010110101010010101011010101001010101010101011010101001010101101010100101010110101010010101011010101010101010010101011010101001010101101010100101010110101010010101010101010110101010010101011010101101010100101010110101010010101010101010110101010010101011010101001010101101010100101010110101010101010100101010110101010010101011010101001010101101010100101010101010101101010100101010110101010010101011010101001010101101010101010101001010101101010100101010
100110010110011001100110100110011001100101100110011001101001100101100110100110011001100101100110011001101001100110011001011001101001100101100110011001101001100110011001011001100110011010011001011001101001100110011001011001100110011010011001100110010110011011001101001100110011001011001100110011010011001100110010110011010011001011001100110011010011001100110010110011001100110100110010110011010011001100110010110011001100110100110011001100101100110100110010110011001100110100110011001100101100110011001101001100
101010101010101001010101010101011010101010101010010101010101010101010101010101011010101010101010010101010101010110101010101010101010101010101010010101010101010110101010101010100101010101010101010101010101010110101010101010100101010101010101101010101010101010101010101010110101010101010100101010101010101101010101010101010101010101010100101010101010101101010101010101001010101010101010101010101010101101010101010101001010101010101011010101010101010101010101010101001010101010101011010101010101010010101010101010
101001010101101001011010101001011010010101011010010110101010010101011010101001011010010101011010010110101010010110100101010110101010010101011010010110101010010110100101010110100101101010100101010110101010010110100101010110100101101010100101101001010101101010110101010010110100101010110100101101010100101101001010101101010100101010110100101101010100101101001010101101001011010101001010101101010100101101001010101101001011010101001011010010101011010101001010101101001011010101001011010010101011010010110101010010
011010011001011001101001100101101001011001101001100101100110100110010110011010011001011001101001011010011001011001101001100101100110100110010110011010011001011010010110011010011001011001101001100101100110100110010110011010010110100110010110011010011001011100101100110100110010110011010010110100110010110011010011001011001101001100101100110100110010110100101100110100110010110011010011001011001101001100101100110100101101001100101100110100110010110011010011001011001101001100101101001011001101001100101100110100
110000111100001111000011110000111100001111000011110000111100001100111100001111000011110000111100001111000011110000111100001111001100001111000011110000111100001111000011110000111100001111000011001111000011110000111100001111000011110000111100001111000011110001111000011110000111100001111000011110000111100001111000011110011000011110000111100001111000011110000111100001111000011110000110011110000111100001111000011110000111100001111000011110000111100110000111100001111000011110000111100001111000011110000111100001
111111111111111100000000000000000000000000000000111111111111111100000000000000001111111111111111111111111111111100000000000000001111111111111111000000000000000000000000000000001111111111111111000000000000000011111111111111111111111111111111000000000000000000000000000000011111111111111111111111111111111000000000000000011111111111111110000000000000000000000000000000011111111111111110000000000000000111111111111111111111111111111110000000000000000111111111111111100000000000000000000000000000000111111111111111
001111000011110000111100001111001100001111000011110000111100001111000011110000111100001111000011001111000011110000111100001111000011110000111100001111000011110011000011110000111100001111000011110000111100001111000011110000110011110000111100001111000011110110000111100001111000011110000110011110000111100001111000011110000111100001111000011110000111100110000111100001111000011110000111100001111000011110000111100001100111100001111000011110000111100001111000011110000111100001111001100001111000011110000111100001
000000000000000011111111111111110000000000000000111111111111111111111111111111110000000000000000111111111111111100000000000000000000000000000000111111111111111100000000000000001111111111111111111111111111111100000000000000001111111111111111000000000000000111111111111111100000000000000001111111111111111000000000000000000000000000000001111111111111111000000000000000011111111111111111111111111111111000000000000000011111111111111110000000000000000000000000000000011111111111111110000000000000000111111111111111
110000110011110000111100110000111100001100111100001111001100001100111100110000111100001100111100001111001100001111000011001111001100001100111100001111001100001111000011001111000011110011000011001111001100001111000011001111000011110011000011110000110011110001111001100001111000011001111000011110011000011110000110011110011000011001111000011110011000011110000110011110000111100110000110011110011000011110000110011110000111100110000111100001100111100110000110011110000111100110000111100001100111100001111001100001
110011000011001111001100001100111100110000110011110011000011001100110011110011000011001111001100001100111100110000110011110011001100110000110011110011000011001111001100001100111100110000110011001100111100110000110011110011000011001111001100001100111100110001100111100110000110011110011000011001111001100001100111100110011001100001100111100110000110011110011000011001111001100001100110011001111001100001100111100110000110011110011000011001111001100110011000011001111001100001100111100110000110011110011000011001
100101100110100110010110011010011001011001101001100101100110100101101001100101100110100110010110011010011001011001101001100101101001011001101001100101100110100110010110011010011001011001101001011010011001011001101001100101100110100110010110011010011001011011010011001011001101001100101100110100110010110011010011001011010010110011010011001011001101001100101100110100110010110011010010110100110010110011010011001011001101001100101100110100110010110100101100110100110010110011010011001011001101001100101100110100
001111001100001100111100110000110011110011000011001111001100001111000011001111001100001100111100110000110011110011000011001111000011110011000011001111001100001100111100110000110011110011000011110000110011110011000011001111001100001100111100110000110011110110000110011110011000011001111001100001100111100110000110011110000111100110000110011110011000011001111001100001100111100110000111100001100111100110000110011110011000011001111001100001100111100001111001100001100111100110000110011110011000011001111001100001
011010011001011001101001100101101001011001101001100101100110100110010110011010011001011001101001011010011001011001101001100101100110100110010110011010011001011010010110011010011001011001101001100101100110100110010110011010010110100110010110011010011001011100101100110100110010110011010010110100110010110011010011001011001101001100101100110100110010110100101100110100110010110011010011001011001101001100101100110100101101001100101100110100110010110011010011001011001101001100101101001011001101001100101100110100
000011110000111111110000111100001111000011110000000011110000111111110000111100000000111100001111000011110000111111110000111100000000111100001111111100001111000011110000111100000000111100001111111100001111000000001111000011110000111100001111111100001111000111100001111000000001111000011110000111100001111111100001111000000001111000011111111000011110000111100001111000000001111000011111111000011110000000011110000111100001111000011111111000011110000000011110000111111110000111100001111000011110000000011110000111
111100000000111100001111111100000000111111110000111100000000111100001111111100001111000000001111111100000000111100001111111100001111000000001111000011111111000000001111111100001111000000001111000011111111000011110000000011111111000000001111000011111111000000011111111000011110000000011111111000000001111000011111111000011110000000011110000111111110000000011111111000011110000000011110000111111110000111100000000111111110000000011110000111111110000111100000000111100001111111100000000111111110000111100000000111
101001010101101001011010101001011010010101011010010110101010010101011010101001011010010101011010010110101010010110100101010110101010010101011010010110101010010110100101010110100101101010100101010110101010010110100101010110100101101010100101101001010101101010110101010010110100101010110100101101010100101101001010101101010100101010110100101101010100101101001010101101001011010101001010101101010100101101001010101101001011010101001011010010101011010101001010101101001011010101001011010010101011010010110101010010
111100001111000000001111000011110000111100001111111100001111000011110000111100000000111100001111000011110000111111110000111100001111000011110000000011110000111100001111000011111111000011110000111100001111000000001111000011110000111100001111111100001111000000011110000111111110000111100001111000011110000000011110000111100001111000011111111000011110000111100001111000000001111000011110000111100001111111100001111000011110000111100000000111100001111000011110000111111110000111100001111000011110000000011110000111
001100110011001100110011001100111100110011001100110011001100110000110011001100110011001100110011110011001100110011001100110011000011001100110011001100110011001111001100110011001100110011001100001100110011001100110011001100111100110011001100110011001100110110011001100110011001100110011000011001100110011001100110011001111001100110011001100110011001100001100110011001100110011001100111100110011001100110011001100110000110011001100110011001100110011110011001100110011001100110011000011001100110011001100110011001
111100001111000000001111000011111111000011110000000011110000111100001111000011111111000011110000000011110000111111110000111100001111000011110000000011110000111111110000111100000000111100001111000011110000111111110000111100000000111100001111111100001111000000011110000111111110000111100000000111100001111111100001111000011110000111100000000111100001111111100001111000000001111000011110000111100001111111100001111000000001111000011111111000011110000111100001111000000001111000011111111000011110000000011110000111
110011000011001100110011110011000011001111001100110011000011001100110011110011001100110000110011110011000011001100110011110011001100110000110011001100111100110000110011110011001100110000110011001100111100110011001100001100111100110000110011001100111100110001100111100110011001100001100111100110000110011001100111100110011001100001100110011001111001100001100111100110011001100001100110011001111001100110011000011001111001100001100110011001111001100110011000011001100110011110011000011001111001100110011000011001
011001101001100110011001011001101001100101100110011001101001100110011001011001100110011010011001011001101001100110011001011001100110011010011001100110010110011010011001011001100110011010011001100110010110011001100110100110010110011010011001100110010110011100110010110011001100110100110010110011010011001100110010110011001100110100110011001100101100110100110010110011001100110100110011001100101100110011001101001100101100110100110011001100101100110011001101001100110011001011001101001100101100110011001101001100
111100001111000000001111000011110000111100001111111100001111000011110000111100000000111100001111000011110000111111110000111100001111000011110000000011110000111100001111000011111111000011110000111100001111000000001111000011110000111100001111111100001111000000011110000111111110000111100001111000011110000000011110000111100001111000011111111000011110000111100001111000000001111000011110000111100001111111100001111000011110000111100000000111100001111000011110000111111110000111100001111000011110000000011110000111
110011001100110011001100110011001100110011001100110011001100110011001100110011001100110011001100110011001100110011001100110011001100110011001100110011001100110011001100110011001100110011001100110011001100110011001100110011001100110011001100110011001100110001100110011001100110011001100110011001100110011001100110011001100110011001100110011001100110011001100110011001100110011001100110011001100110011001100110011001100110011001100110011001100110011001100110011001100110011001100110011001100110011001100110011001
101001010101101010100101010110100101101010100101010110101010010101011010101001010101101010100101101001010101101010100101010110101010010101011010101001010101101001011010101001010101101010100101010110101010010101011010101001011010010101011010101001010101101010110101010010101011010101001011010010101011010101001010101101010100101010110101010010101011010010110101010010101011010101001010101101010100101010110101010010110100101010110101010010101011010101001010101101010100101010110100101101010100101010110101010010
000011111111000000001111111100001111000000001111111100000000111111110000000011111111000000001111000011111111000000001111111100000000111111110000000011111111000011110000000011111111000000001111111100000000111111110000000011110000111111110000000011111111000111100000000111111110000000011110000111111110000000011111111000000001111111100000000111111110000111100000000111111110000000011111111000000001111111100000000111100001111111100000000111111110000000011111111000000001111111100001111000000001111111100000000111
110011001100110011001100110011000011001100110011001100110011001100110011001100110011001100110011110011001100110011001100110011001100110011001100110011001100110000110011001100110011001100110011001100110011001100110011001100111100110011001100110011001100110001100110011001100110011001100111100110011001100110011001100110011001100110011001100110011001100001100110011001100110011001100110011001100110011001100110011001111001100110011001100110011001100110011001100110011001100110011000011001100110011001100110011001
011001100110011001100110011001101001100110011001100110011001100110011001100110011001100110011001011001100110011001100110011001100110011001100110011001100110011010011001100110011001100110011001100110011001100110011001100110010110011001100110011001100110011100110011001100110011001100110010110011001100110011001100110011001100110011001100110011001100110100110011001100110011001100110011001100110011001100110011001100101100110011001100110011001100110011001100110011001100110011001101001100110011001100110011001100
001111000011110011000011110000110011110000111100110000111100001111000011110000110011110000111100110000111100001100111100001111000011110000111100110000111100001100111100001111001100001111000011110000111100001100111100001111001100001111000011001111000011110110000111100001100111100001111001100001111000011001111000011110000111100001111001100001111000011001111000011110011000011110000111100001111000011001111000011110011000011110000110011110000111100001111000011110011000011110000110011110000111100110000111100001
100101101001011001101001011010011001011010010110011010010110100101101001011010011001011010010110011010010110100110010110100101101001011010010110011010010110100110010110100101100110100101101001011010010110100110010110100101100110100101101001100101101001011011010010110100110010110100101100110100101101001100101101001011010010110100101100110100101101001100101101001011001101001011010010110100101101001100101101001011001101001011010011001011010010110100101101001011001101001011010011001011010010110011010010110100
101001010101101001011010101001011010010101011010010110101010010101011010101001011010010101011010010110101010010110100101010110101010010101011010010110101010010110100101010110100101101010100101010110101010010110100101010110100101101010100101101001010101101010110101010010110100101010110100101101010100101101001010101101010100101010110100101101010100101101001010101101001011010101001010101101010100101101001010101101001011010101001011010010101011010101001010101101001011010101001011010010101011010010110101010010
000011111111000011110000000011110000111111110000111100000000111111110000000011110000111111110000111100000000111100001111111100000000111111110000111100000000111100001111111100001111000000001111111100000000111100001111111100001111000000001111000011111111000111100000000111100001111111100001111000000001111000011111111000000001111111100001111000000001111000011111111000011110000000011111111000000001111000011111111000011110000000011110000111111110000000011111111000011110000000011110000111111110000111100000000111
101001011010010101011010010110100101101001011010101001011010010101011010010110101010010110100101101001011010010101011010010110101010010110100101010110100101101001011010010110101010010110100101010110100101101010100101101001011010010110100101010110100101101010110100101101010100101101001011010010110100101010110100101101010100101101001010101101001011010010110100101101010100101101001010101101001011010101001011010010110100101101001010101101001011010101001011010010101011010010110100101101001011010101001011010010
101001010101101010100101010110100101101010100101010110101010010101011010101001010101101010100101101001010101101010100101010110101010010101011010101001010101101001011010101001010101101010100101010110101010010101011010101001011010010101011010101001010101101010110101010010101011010101001011010010101011010101001010101101010100101010110101010010101011010010110101010010101011010101001010101101010100101010110101010010110100101010110101010010101011010101001010101101010100101010110100101101010100101010110101010010
101001011010010101011010010110100101101001011010101001011010010101011010010110101010010110100101101001011010010101011010010110101010010110100101010110100101101001011010010110101010010110100101010110100101101010100101101001011010010110100101010110100101101010110100101101010100101101001011010010110100101010110100101101010100101101001010101101001011010010110100101101010100101101001010101101001011010101001011010010110100101101001010101101001011010101001011010010101011010010110100101101001011010101001011010010
100110011001100101100110011001100110011001100110100110011001100101100110011001101001100110011001100110011001100101100110011001101001100110011001011001100110011001100110011001101001100110011001011001100110011010011001100110011001100110011001011001100110011011001100110011010011001100110011001100110011001011001100110011010011001100110010110011001100110011001100110011010011001100110010110011001100110100110011001100110011001100110010110011001100110100110011001100101100110011001100110011001100110100110011001100
011001100110011001100110011001101001100110011001100110011001100110011001100110011001100110011001011001100110011001100110011001100110011001100110011001100110011010011001100110011001100110011001100110011001100110011001100110010110011001100110011001100110011100110011001100110011001100110010110011001100110011001100110011001100110011001100110011001100110100110011001100110011001100110011001100110011001100110011001100101100110011001100110011001100110011001100110011001100110011001101001100110011001100110011001100
000000000000000000000000000000001111111111111111111111111111111111111111111111111111111111111111000000000000000000000000000000000000000000000000000000000000000011111111111111111111111111111111111111111111111111111111111111110000000000000000000000000000000111111111111111111111111111111110000000000000000000000000000000000000000000000000000000000000000111111111111111111111111111111111111111111111111111111111111111100000000000000000000000000000000000000000000000000000000000000001111111111111111111111111111111
011001101001100101100110100110010110011010011001011001101001100110011001011001101001100101100110100110010110011010011001011001100110011010011001011001101001100101100110100110010110011010011001100110010110011010011001011001101001100101100110100110010110011100110010110011010011001011001101001100101100110100110010110011001100110100110010110011010011001011001101001100101100110100110011001100101100110100110010110011010011001011001101001100101100110011001101001100101100110100110010110011010011001011001101001100
000000001111111100000000111111110000000011111111000000001111111111111111000000001111111100000000111111110000000011111111000000000000000011111111000000001111111100000000111111110000000011111111111111110000000011111111000000001111111100000000111111110000000111111110000000011111111000000001111111100000000111111110000000000000000111111110000000011111111000000001111111100000000111111111111111100000000111111110000000011111111000000001111111100000000000000001111111100000000111111110000000011111111000000001111111
011001101001100101100110100110010110011010011001011001101001100110011001011001101001100101100110100110010110011010011001011001100110011010011001011001101001100101100110100110010110011010011001100110010110011010011001011001101001100101100110100110010110011100110010110011010011001011001101001100101100110100110010110011001100110100110010110011010011001011001101001100101100110100110011001100101100110100110010110011010011001011001101001100101100110011001101001100101100110100110010110011010011001011001101001100
100110010110011001100110100110011001100101100110011001101001100101100110100110011001100101100110011001101001100110011001011001101001100101100110011001101001100110011001011001100110011010011001011001101001100110011001011001100110011010011001100110010110011011001101001100110011001011001100110011010011001100110010110011010011001011001100110011010011001100110010110011001100110100110010110011010011001100110010110011001100110100110011001100101100110100110010110011001100110100110011001100101100110011001101001100
010101010101010101010101010101010101010101010101010101010101010110101010101010101010101010101010101010101010101010101010101010100101010101010101010101010101010101010101010101010101010101010101101010101010101010101010101010101010101010101010101010101010101101010101010101010101010101010101010101010101010101010101010101001010101010101010101010101010101010101010101010101010101010101011010101010101010101010101010101010101010101010101010101010101010010101010101010101010101010101010101010101010101010101010101010
010101011010101010101010010101010101010110101010101010100101010110101010010101010101010110101010101010100101010101010101101010100101010110101010101010100101010101010101101010101010101001010101101010100101010101010101101010101010101001010101010101011010101101010100101010101010101101010101010101001010101010101011010101001010101101010101010101001010101010101011010101010101010010101011010101001010101010101011010101010101010010101010101010110101010010101011010101010101010010101010101010110101010101010100101010
101010100101010110101010010101011010101001010101101010100101010101010101101010100101010110101010010101011010101001010101101010101010101001010101101010100101010110101010010101011010101001010101010101011010101001010101101010100101010110101010010101011010101010101011010101001010101101010100101010110101010010101011010101010101010010101011010101001010101101010100101010110101010010101010101010110101010010101011010101001010101101010100101010110101010101010100101010110101010010101011010101001010101101010100101010
011010010110100110010110100101101001011010010110011010010110100110010110100101100110100101101001011010010110100110010110100101100110100101101001100101101001011010010110100101100110100101101001100101101001011001101001011010010110100101101001100101101001011100101101001011001101001011010010110100101101001100101101001011001101001011010011001011010010110100101101001011001101001011010011001011010010110011010010110100101101001011010011001011010010110011010010110100110010110100101101001011010010110011010010110100
101001011010010101011010010110100101101001011010101001011010010101011010010110101010010110100101101001011010010101011010010110101010010110100101010110100101101001011010010110101010010110100101010110100101101010100101101001011010010110100101010110100101101010110100101101010100101101001011010010110100101010110100101101010100101101001010101101001011010010110100101101010100101101001010101101001011010101001011010010110100101101001010101101001011010101001011010010101011010010110100101101001011010101001011010010
100101101001011001101001011010011001011010010110011010010110100101101001011010011001011010010110011010010110100110010110100101101001011010010110011010010110100110010110100101100110100101101001011010010110100110010110100101100110100101101001100101101001011011010010110100110010110100101100110100101101001100101101001011010010110100101100110100101101001100101101001011001101001011010010110100101101001100101101001011001101001011010011001011010010110100101101001011001101001011010011001011010010110011010010110100
010110101010010101011010101001010101101010100101010110101010010110100101010110101010010101011010101001010101101010100101010110100101101010100101010110101010010101011010101001010101101010100101101001010101101010100101010110101010010101011010101001010101101101001010101101010100101010110101010010101011010101001010101101001011010101001010101101010100101010110101010010101011010101001011010010101011010101001010101101010100101010110101010010101011010010110101010010101011010101001010101101010100101010110101010010
111100001111000011110000111100000000111100001111000011110000111100001111000011110000111100001111111100001111000011110000111100001111000011110000111100001111000000001111000011110000111100001111000011110000111100001111000011111111000011110000111100001111000000011110000111100001111000011111111000011110000111100001111000011110000111100001111000011110000000011110000111100001111000011110000111100001111000011110000111111110000111100001111000011110000111100001111000011110000111100000000111100001111000011110000111
000011111111000000001111111100001111000000001111111100000000111111110000000011111111000000001111000011111111000000001111111100000000111111110000000011111111000011110000000011111111000000001111111100000000111111110000000011110000111111110000000011111111000111100000000111111110000000011110000111111110000000011111111000000001111111100000000111111110000111100000000111111110000000011111111000000001111111100000000111100001111111100000000111111110000000011111111000000001111111100001111000000001111111100000000111
101010101010101010101010101010100101010101010101010101010101010101010101010101010101010101010101101010101010101010101010101010101010101010101010101010101010101001010101010101010101010101010101010101010101010101010101010101011010101010101010101010101010101010101010101010101010101010101011010101010101010101010101010101010101010101010101010101010101010010101010101010101010101010101010101010101010101010101010101010110101010101010101010101010101010101010101010101010101010101010100101010101010101010101010101010
101010101010101010101010101010100101010101010101010101010101010101010101010101010101010101010101101010101010101010101010101010101010101010101010101010101010101001010101010101010101010101010101010101010101010101010101010101011010101010101010101010101010101010101010101010101010101010101011010101010101010101010101010101010101010101010101010101010101010010101010101010101010101010101010101010101010101010101010101010110101010101010101010101010101010101010101010101010101010101010100101010101010101010101010101010
001100111100110000110011110011001100110000110011110011000011001111001100001100111100110000110011001100111100110000110011110011000011001111001100001100111100110011001100001100111100110000110011110011000011001111001100001100110011001111001100001100111100110110011000011001111001100001100110011001111001100001100111100110000110011110011000011001111001100110011000011001111001100001100111100110000110011110011000011001100110011110011000011001111001100001100111100110000110011110011001100110000110011110011000011001
000000000000000000000000000000001111111111111111111111111111111111111111111111111111111111111111000000000000000000000000000000000000000000000000000000000000000011111111111111111111111111111111111111111111111111111111111111110000000000000000000000000000000111111111111111111111111111111110000000000000000000000000000000000000000000000000000000000000000111111111111111111111111111111111111111111111111111111111111111100000000000000000000000000000000000000000000000000000000000000001111111111111111111111111111111
110011001100110000110011001100111100110011001100001100110011001100110011001100111100110011001100001100110011001111001100110011001100110011001100001100110011001111001100110011000011001100110011001100110011001111001100110011000011001100110011110011001100110001100110011001111001100110011000011001100110011110011001100110011001100110011000011001100110011110011001100110000110011001100110011001100110011110011001100110000110011001100111100110011001100110011001100110000110011001100111100110011001100001100110011001
001100111100110011001100001100110011001111001100110011000011001111001100001100110011001111001100110011000011001100110011110011000011001111001100110011000011001100110011110011001100110000110011110011000011001100110011110011001100110000110011001100111100110110011000011001100110011110011001100110000110011001100111100110000110011110011001100110000110011001100111100110011001100001100111100110000110011001100111100110011001100001100110011001111001100001100111100110011001100001100110011001111001100110011000011001
101001011010010110100101101001011010010110100101101001011010010101011010010110100101101001011010010110100101101001011010010110101010010110100101101001011010010110100101101001011010010110100101010110100101101001011010010110100101101001011010010110100101101010110100101101001011010010110100101101001011010010110100101101010100101101001011010010110100101101001011010010110100101101001010101101001011010010110100101101001011010010110100101101001011010101001011010010110100101101001011010010110100101101001011010010
001111000011110011000011110000110011110000111100110000111100001111000011110000110011110000111100110000111100001100111100001111000011110000111100110000111100001100111100001111001100001111000011110000111100001100111100001111001100001111000011001111000011110110000111100001100111100001111001100001111000011001111000011110000111100001111001100001111000011001111000011110011000011110000111100001111000011001111000011110011000011110000110011110000111100001111000011110011000011110000110011110000111100110000111100001
010101011010101001010101101010101010101001010101101010100101010110101010010101011010101001010101010101011010101001010101101010100101010110101010010101011010101010101010010101011010101001010101101010100101010110101010010101010101010110101010010101011010101101010100101010110101010010101010101010110101010010101011010101001010101101010100101010110101010101010100101010110101010010101011010101001010101101010100101010101010101101010100101010110101010010101011010101001010101101010101010101001010101101010100101010
010101011010101001010101101010101010101001010101101010100101010110101010010101011010101001010101010101011010101001010101101010100101010110101010010101011010101010101010010101011010101001010101101010100101010110101010010101010101010110101010010101011010101101010100101010110101010010101010101010110101010010101011010101001010101101010100101010110101010101010100101010110101010010101011010101001010101101010100101010101010101101010100101010110101010010101011010101001010101101010101010101001010101101010100101010
101010100101010101010101101010100101010110101010101010100101010101010101101010101010101001010101101010100101010101010101101010101010101001010101010101011010101001010101101010101010101001010101010101011010101010101010010101011010101001010101010101011010101010101011010101010101010010101011010101001010101010101011010101010101010010101010101010110101010010101011010101010101010010101010101010110101010101010100101010110101010010101010101010110101010101010100101010101010101101010100101010110101010101010100101010
010101011010101001010101101010101010101001010101101010100101010110101010010101011010101001010101010101011010101001010101101010100101010110101010010101011010101010101010010101011010101001010101101010100101010110101010010101010101010110101010010101011010101101010100101010110101010010101010101010110101010010101011010101001010101101010100101010110101010101010100101010110101010010101011010101001010101101010100101010101010101101010100101010110101010010101011010101001010101101010101010101001010101101010100101010
000000000000000000000000000000000000000000000000000000000000000000000000000000000000000000000000000000000000000000000000000000000000000000000000000000000000000000000000000000000000000000000000000000000000000000000000000000000000000000000000000000000000000111111111111111111111111111111111111111111111111111111111111111111111111111111111111111111111111111111111111111111111111111111111111111111111111111111111111111111111111111111111111111111111111111111111111111111111111111111111111111111111111111111111111111
000000000000000000000000000000001111111111111111111111111111111111111111111111111111111111111111000000000000000000000000000000000000000000000000000000000000000011111111111111111111111111111111111111111111111111111111111111110000000000000000000000000000000111111111111111111111111111111110000000000000000000000000000000000000000000000000000000000000000111111111111111111111111111111111111111111111111111111111111111100000000000000000000000000000000000000000000000000000000000000001111111111111111111111111111111
000000000000000000000000000000001111111111111111111111111111111111111111111111111111111111111111000000000000000000000000000000000000000000000000000000000000000011111111111111111111111111111111111111111111111111111111111111110000000000000000000000000000000111111111111111111111111111111110000000000000000000000000000000000000000000000000000000000000000111111111111111111111111111111111111111111111111111111111111111100000000000000000000000000000000000000000000000000000000000000001111111111111111111111111111111
000000000000000000000000000000000000000000000000000000000000000000000000000000000000000000000000000000000000000000000000000000000000000000000000000000000000000000000000000000000000000000000000000000000000000000000000000000000000000000000000000000000000000111111111111111111111111111111111111111111111111111111111111111111111111111111111111111111111111111111111111111111111111111111111111111111111111111111111111111111111111111111111111111111111111111111111111111111111111111111111111111111111111111111111111111
