0 23 28 27 18 29 21 32 2 1 5 5 4 7 1 0 0 1 1 0 0 2 5 4 8 9 0 7 5 4 6 4 4 7 5 5 0 7 4 6 6 6 4 5 6 7 2 2 4 5 7 4 4 7 4 4 1 2 32 37 34 39 11 10 12 12 13 14 11 1 0 1 4 5 6 5 4 5 5 2 0 0 6 5 5 7 8 7 4 4 1 1 1 2 1 2 2 2 1 0 2 1 2 0 13 26 20 36 39 42 39 36 41 40 17 2 1 0 1 0 0 2 1 2 2 1 0 0 0 0 2 4 5 10 9 0 0 1 1 2 2 1 0 0 6 0 2 1 1 2 0 0 1 0 1 1 0 0 2 2 1 1 1 1 0 0 1 1 0 1 0 0 1 0 0 2 0 0 0 0 1 1 0 1 1 2 2 1 0 0 0 0 0 0 0 0 2 6 18 18 18 18 4 1 0 4 7 2 7 0 3 0 2 
n=214=52+0+162=214 代价=0.900901

0 25 26 28 19 29 21 31 2 2 4 5 5 4 0 1 0 1 1 0 0 1 5 4 6 7 0 5 4 4 5 4 4 6 5 5 0 6 4 5 6 5 5 4 5 5 1 0 4 5 4 3 4 6 4 4 0 6 31 37 37 41 12 10 13 13 12 12 10 0 0 4 4 4 6 4 5 5 5 2 0 1 5 5 5 7 8 8 4 4 0 1 0 0 1 2 0 2 1 1 0 5 2 0 12 26 20 36 33 39 37 41 42 38 23 4 0 0 0 0 1 1 1 2 2 1 0 0 0 1 0 5 5 10 9 0 0 1 0 2 1 1 0 0 6 0 2 0 1 2 0 0 0 0 0 1 1 0 2 1 1 0 0 1 0 0 0 1 0 1 0 0 0 0 0 2 0 0 0 0 1 2 1 1 1 1 1 1 0 0 1 1 0 0 0 0 2 6 18 19 15 17 3 0 0 5 8 2 8 0 3 0 3 
n=214=64+0+150=214 代价=0.900901

0 23 28 27 18 29 21 32 2 1 5 5 4 7 1 0 0 1 1 0 0 2 5 4 8 9 0 7 5 4 6 4 4 7 5 5 0 7 4 6 6 6 4 5 6 7 2 2 4 5 7 4 4 7 4 4 1 2 32 37 34 39 11 10 12 12 13 14 11 1 0 1 4 5 6 5 4 5 5 2 0 0 6 5 5 7 8 7 4 4 1 1 1 2 1 2 2 2 1 0 2 1 2 0 13 26 20 36 39 42 39 36 41 40 17 2 1 0 1 0 0 2 1 2 2 1 0 0 0 0 2 4 5 10 9 0 0 1 1 2 2 1 0 0 6 0 2 1 1 2 0 0 1 0 1 1 0 0 2 2 1 1 1 1 0 0 1 1 0 1 0 0 1 0 0 2 0 0 0 0 1 1 0 1 1 2 2 1 0 0 0 0 0 0 0 0 2 6 18 18 18 18 4 1 0 4 7 2 7 0 3 0 2 
n=214=52+0+162=214 代价=0.900901

0 25 26 28 19 29 21 31 2 2 4 5 5 4 0 1 0 1 1 0 0 1 5 4 6 7 0 5 4 4 5 4 4 6 5 5 0 6 4 5 6 5 5 4 5 5 1 0 4 5 4 3 4 6 4 4 0 6 31 37 37 41 12 10 13 13 12 12 10 0 0 4 4 4 6 4 5 5 5 2 0 1 5 5 5 7 8 8 4 4 0 1 0 0 1 2 0 2 1 1 0 5 2 0 12 26 20 36 33 39 37 41 42 38 23 4 0 0 0 0 1 1 1 2 2 1 0 0 0 1 0 5 5 10 9 0 0 1 0 2 1 1 0 0 6 0 2 0 1 2 0 0 0 0 0 1 1 0 2 1 1 0 0 1 0 0 0 1 0 1 0 0 0 0 0 2 0 0 0 0 1 2 1 1 1 1 1 1 0 0 1 1 0 0 0 0 2 6 18 19 15 17 3 0 0 5 8 2 8 0 3 0 3 
n=214=64+0+150=214 代价=0.900901

