10110100101111111110100010111011111101111
10111010101110111111000011111111011111101
11010011111011001011101110111011111011011
11110000111100111011101110111011111110101
11110000101111011011101110111011111101111
10110100100110001110100010111011111101101
10111011101110111101001111101100110111101
10111011101110111111000001111011010111111
11101000101110111011010010011000011011111
01100000101100001011100010111011111100111
10010101101110011011100010111011111111111
10111011011010101111000011111111100111101
10111011101001101111000011111111100111011
11101000101110110110000110110001101011111
10111000101110111001010010111000001111111
11110000111111111011101101101010111010011
11110000111111011011101010111010111111110
11110000110111101011101110111011111101101
10111011101110101111010011111011100011101
10111011101110111111000011011110011011111
11110000111101101011101110111011111101101
11110000111101011011101110111011111110101
11110000111110011011101110111011111101011
10111011101110111111000011110110010111111
11110000111110111011101110111011111100001
11110000111101111011101110111011111100001
11110000111101111011101110111011111111111
11111000101110110111101101111011111101001
10110100101100111011100010111011111111101
01001011001110111101100010111000111110111
11110000111101111011101110111011111111001
11111000101110110111101101111011111101111
11110000111101111011101110111011111100111
01001011001110111011100010111000111100011
10111011101110111111000011110111111111111
01111011011110111111100010111011010011111
11011000101110000100101100111011101111111
10111011101110111111000011110111110011111
01111011011110111111100010111011011111111
10111000101110000100101100111011000111111
11110000111110111011101110111011111111111
11110000111110111011101110111011111111001
11110000111110111011101110111011111100111
10111011101110111111000011111011111111111
10111011101110111111000011111011110011111
11110000111111011011101110111011111111111
11110000111111011011101110111011111111001
11110000111111101011101110111011111111001
10111011101110111111000011111101111111111
10111011101110111111000011111101110011111
10111011101110111111000011111110110011111
10111011101110111111000011110111000011111

