0000000000000000000000000000000000000000000100000000000000000000000000000000000000000001000000000000000001000000000000000000000000001011000100000101000000000000000000000000000000000000000000000000011000000101010001
0000000000101010000000000011001000000010000000100000000100000000001111000000000010011000011001000000100001101010010101000100010000010100000000100000000000010100001001010000110000000000001000000011000000000010100100
0100000100011000001000001010110000000000010000100101000000000000000010000010011000001100000001011000100000100000000010000001010000001001000000000000010000000001000010000000000000000000000000000000000000010011100000
0011110100000101000000000000000000000000110000000010000100000001000110000010110100010010100000110010001000101100010010000000000000000001000001000000000000000011000000000000001010000000000000000000000001000000000000
0100000000000010000000110000000000100000000101001101001000101001101000001000000000000000101000000100010000000001001000000000100000000000011101100100000000000010010000010000000000000000100000000000000010001001000001
0100010010000000000000000000000010100011000000111100010100001011000000000111001100011001101000010111000000000001001000000100000000010010000000000000000000000000000000000000010000011111011100000000000010000001000001
0010000000100000000000000000100000000011000001000010100110001100000101001100010100000010010000000000001001000000101001000000000000000000000000000000000000000100000100000000000000000000000100000000010100000000010000
0001110010100000000000010100000000010000000100000010000000000111000000000010000000001100000000000000000000111000001000000000000000000010000001000001000000000000000010000010000000000000000000000000000011110000000000
0100000100000000000000101000000010100010100000000000001000000010010010001000001000000000001001000000000100001010011010000000000000100000000000000000000000000000000000000000000000000000000000000000001010000000010100
0100000100010000000000110000001000000000010000001011000000000000000010000100000100000000001001000000000000101001001000000000000000000011000000000000000000000000000000001000010010000000000000000000000000100000000000
0100000000100000000100000000000001010000000000000001101010100110010000010000000000000000000001000000101000101001001001000000000000100001000000000100001000000000000100000010000001000000000000000000000101100000010001
0000100000011100000000011100010000001000001010100010000000000010011000000001100000000010001000000000000000000000000001000000000000000001000100000000000000000000000000000000000000000000000000000000000001010110000001
0011000110000000000000000100000000100000001000001101111010101000111000100100100000000101100000000000100001000011000000000000000000100001000100100000000000000000000000000000000000000000000000000000000000000000000001
0101001010000000000000001100001101000000000010000000000010101000100010000001000000000000000000000000000000101000111000000000000000000000000000000000000000000000000000000000000000000000000000000000000000100000010100
0100000000101000000000000000000100000000010101001101000000000110100110100000000000001100011000000000000000000100001000000000000000000010000000000000000000100000000010000000000000000000000000000000000100000010000000
0100000000010010000000010000000000010000101100000000000110001110010000001000000100000000110010010010001000000010010010000000000000000000001000000100000000001000010001000001000000000010000000000000000010000011101101
0100000010100100100001001100101000011011100001000000010000100100000110000000011000000010111001000000000000010100100000000000000000000000000000000000000000000000100000000000000000000000000000000000000111100010010000
0100000110000010100000010010010010101001010011000110000000100001001000000101000000000000100001000000000000000010000000000011100000011000000010000001000000000000000000000000000000000000000000000000011001100011000000
0010010000011000000100101100101111010000100100001110000000000000111100000000000000000010111000000000000000000000000110000000000000001100000000000000000000000000000000000000000000000000000000000000011000100000000100
0000001000011010000000101010111111000000000001001111110110101001010001000000000000100000000000000000000000000000000000000100000000000000000000000000000000000000000000000000000000000000000000000000010000010000000100
0110100000100110000000010010111000010001100000100001110110000001110100010000000000000000000000000000000000000001000001000000000000000010000000000000000000000000000000000000000000000000000000000000001000000000000000
0001000000100100000000101000000111101011000000100000000110000001000100010000000000000000000000000000000000000010100000000000000000000000000000000000000000000000000000000000000000000000000000000000000100000000000000
0110000000000100000000010010000000010000001110000000001000000000100100010010010000100000000000000000000000000000100000000000000000000000000000000000000000000000000000000000000000000010000000000000000010100000000000
0000100000000000000000010100000000101000000000000000000000000000100000000000000000000000000000000000000000000011000000000000000000000000000000000000000000000000000000000000000000000000000000000000000000000000010000
0011100000000000000000101110000000000000000000000000000000000001000000000000000000000000000000000000000001110100101000000000000000000000000000000000000000000000000000000000000000000000000000000000001100100000000000
0000000000001000000000000000000000000000000000000000000000001000000010000000000000011110001000000000000001000001010100000000000000001000000000000000000000000000000000000000000000000000000000000000000010100000000000
0000000000000000000000000000000000000000000000000000000000000010000000000000000000011010000000000000000001000111000000000000100000000000000000000000000000000000000000000010000000000000000000000000010100100000000000
0001100000000000000000000000000000000000000000000000000000000010100100010000000000010011000001000000000000000001000000000000000000000000000000000000000000000000000000000000000000000000000000000000001100000000000000
0001100000000000000000000000000000000000000000000000000000100110000000000000000000000001000000000000000000000010100000000000000000000000000000000000000000000000000000000000000000000000000000000000001100000000000000
0010010010000000000000000000000000000000000000000000000000000000000000000000000000000000000001000000000000000010010000000000000000000000000000000000000000001000000000000000000000000000000100000000001001100010000000
0000000000000000000000000000000000000000000000100010000000001010001010000000000000000000000001000000000001110110000000000000000000000010000000000000000000000000000000000000000010000000000100000000000100000000010000
0000000000000000000000000000000000000000000000000000000000000001000010000000000000000000000000000000000000010100100000000000000000000010000000000000000000000000000000000000000000000000000000000000001000000000000000
0010010010000000000000000000000000000000000000000000000000001000000010000000000000000000000000000000000001000000010000000000000000000010000000000000000000000000000000000000000000000000000000000000000100000000000000
0000000000000000000000000000000000000000000000000000000000101001001110000100001100000000000000000000000000100000000000000000000000000010000000000000000000000000000000000000000000000000000000000000000010000000010000
0000000000000000000000000000000000000000000000000000000000000000100010000000000000000000000001000000000000100001010100000000000000000000000000000000000000000000000000000000000000000000000000000000000001000000010000
0000000000000000000000000000000000000000000000000000000000100010000000001000100000010000000001000000000000101011000000000000000000000000000000000000000000000000000000000000000000000000000000000000000100100001000000
0000000000000000000000000000000000000000000000000000010000000110000000000000000000010000000001000000000000110011000000000000000000000000000000000000000000000000000000000000000000000000000000000000000011000010000000
0000010010000000000000000000000000000000110000000000000000000000000010000000000000000101000000000000000001000000000000000000000000000000000000000000000000000000000000000000000000000000000000000000000110000010000000
0000000000000000000000100000000000000000000000000000000100100110000010000000000000000000010001000000000001100001000000000000000000000000000000000000000000000000000000000000000000000000000000000000000100100010100000
0000000000000000000000000000000000000000000000000000000000000010000010000010100100001001000001000000000001010110100000000000000000000000000000000000000000000000000000000000000000000000000000000000000010000001000000
0000000000000000000000000000000000000000000000000000000000100110000000000000000000000000010000000000000001111110100000000000000000000000000000000000000000000000000010000000000000000000000000000000000000000000000000
0010000000000100000000000000000001000000000000000000000000000110000010000000000000000000100000000000000001011100000000000000000000000000000000000000000000000000000000000000000000000000000000000000000001100000000000
0000110100000000000000000000000000000000000000000000000000101000000000000000000000000000000000000000000000000000000000000000000000000000000000000000000000000000000000000000000000000000000000000000000011000000000000
0001000000000000000000000000000000000000000000000000000000001100000000000001001010000000000001000000000000000010000000000000000000000000000000000000000000000000000000000000000000000000000000000000000011100001000000
0010000000000000000000000000000000000000000000000000000000101100000000000000000000000000010001000000000000000000000000000000000000000000000000000000000000000000000000000000000000000010000000000000000100000000010000
0100000000000000000000000000100000000000001000000000000000001000000000000000000000000000000000000000000000000010000000000000000000000000000000000000000000000000000000000000000000000000000000000000000011000000000000
0000101000000000000000000000000000000000000000000000000000001000000000000000000000000000000000000000000000000001010000000000000000000001000000100000000000000000000000000000000000000000001000000000000000000000100000
0010000000000000000000000010000000000000000000000000000000101000000000000000000000000000000000000000000000000000010000000000000000000000000000100000000000000000000000000000000000000000000000000000000011100000000000
0001000000000000000000000000010000000000000000000000000000100000000010000000000000000000000001000000000000000100100000000000000000000000000000000000000000000000000000000000000000000000000000000000000011000000100000
0000001010000000000000000000010000000000000000000100000000100000000000000000000000000000000000000000000000000100100000000000000000000000000000100000000000000000000000000000000000000000000000000000000000000000000000
0001000100000000000000000000000000000000000000001000000000000000000000000000000000000000000001000000000000000011100000000000000000000000000000100000000000000000000000000000000000000000000100000000000000000000000000
0000000100000000000000000000000000000000000000000000000000000000000010000000000000000000000000000000000001000001100000000000000000000000000000000000000000000000000000000000010000000000000000000000000011000000000000
0000000010000000000000000000000000000000000000000000000000100000000000000000000000000000000000000000000001000000100000000000000000000000000000100000000000000000000000000000000000000000000000000000000000000000000000
0011000110000000000000000000001000000000000000000000000000000000000000000000000000000000000001000000000000000000100000000000000000000000000000100000000000000000000000000000000000000000000000000000000000000000000000
0011000000000000000000000000000000000000000000000000010000001000100100000000000000000000000001000000000000000000101000000000000000000000000000000000000000001000000000000000000000000000000000000000000000000000000000
0000100000000000000000000000000000000000000000000000000000001100000010000000000000000000000000000000000000001101010000000000000000000000000000000000000000000000000000000000000000000000000000000000000110000000000000
0000101010000000000000000000000100000000000000000001000000001000000000000000000000000000000001000000000000000001100000000000000000000000000000000000000000000000000000000000000000000000000000000000000000000010100000
0000001010000000000000000000000100000000000000000001000000001000000000000000000000000000000000000000000000000011000000000100000000000000000000000000000000000000100000000000000000000000000000000000000100100010100000
0010000000000000000000000000000000000000000000000000000000100100000000000000000000000001000001000000000000000000001000000000000000000000000000000000000000000000000000000000000000000000000000000000000000000000000000
0000000110000000000000000000000000010000000000000000000000100000000000000000000000000000000001000000000001001011010000000000000000000000000000000000000000000000000000000000000000000000000000000000000000000000000000
0000000010000000000000000000000000000000000000000000000010100100000000000000000000000000000000000000000000110000000000000000000000000000000000000000000000000000000000000000000000000000000000000000000000000000000000
0000000000000000000000000000000000000000000000000000000000000010000000000000000000000000000000000000000001010100110000000000000000000000000000000000000000000000000000000000000000000000000000000000000000000000000000
0000000000000000000000000000000000000000000000000000000000100110000010000000000000000000000000000000000000011010100000000000000000000000000000000000000000000000000000000000000000000000000000000000000001000000000000
0010010010000000000000000000000000000000000000000000000000001000000000000000000000000010000000000000000000000000000000000000000000000000000000000000000000000000000000000000000000000000000000000000000000000000000000
0010100000000000000000000000000000000000000000000000000000000110000000000000000000000100000000000000000000000011100000000000000000000000000000000000000000000000000000000000000000000000000000000000000000000000000000
0000100000000000000000000000000000000000000000000000000000000000001000000000000000000000000000000000000000000010000000000000000000000000000000000000000000000000000000000000000000000000000000000000000000000000000000
0001100000000000000000000000000000000000000000000000000000000000000100000000000000000000000000000000000000000010100000000000000000000000000000000000000000000000000000000000000000000000000000000000000000000000000000
0001010010000000000000000000000000000000000000000000000000100000000000000000000000000000000000000000000000000010100000000000000000000000000000000000000000000100000000000000000000000000000000000000000000000000000000
0000000000000000000000000000000000000000000000000000000000100001101000000000000000000000000000000000000000000000100000000000000000000010000000000000000000000000000000000000000000000000000000000000000000000000000000
0000100100000000000000000000000000000000000000000000000000001000000000000000000000000000000000000000000000000000000000000000000000000000000000000000000000000000000000000000000000000000000000000000000000000000000000
0001000100000000000000000010000000000000000000000000000000101000000000000000000000000000000000000000000000000010000000000000000000000000000000000000000000000000000000000000000000000000000000000000000000000000000000
0000000000000000000000000000010000000000000000000000000000100100000000000000000000000000000000000000000000000010100000000000000000000000000000000000000000000000000000000000000000000000000000000000000000000000000000
0001100000000000000000000000000000000000000000000000000000000100000000000000000000000000000000000000000000000000100000000000000000000000000000000000000000000000000000000000000000000000000000000000000000000000000000
0000100000000000000000000000000000000000000000000000000000100000000000000000000000000000000001000000000000000001000000000000000000000000000000000000000000000000000000000000000000000000000000000000000000000000000000
0001000000000000000000000000000000000000000000000000000000000000000000000000000000000000000001000000000000000010100000000000000000000000000000000000000000000000000000000000000000000000000000000000000000000000000000
0000010010000000000000000000001000000000000000000000000000000100000000000000000000000000000001000000000000011001001000000000000000000000000000000000000000000000000000000000000000000000000000000000000000000000000000
0000000000000000000000000000000000000000000000000000000000101000000000000000000000000000000000000000000000000010000000000000000000000001000000000000000000000000000000000000000000000000000000000000000000000000000000
0000000000000000000000000000000000000000000010000000000000100010000000000000000000000000000000000000000001000001010000000000000000000000000000000000000000000000000000000000000000000000000000000000000000000000000000
0000000000000000000000000000000000000000000000000000000000000010000000000000000000000000000000000000000000000001010000010000000000000000000000000000000000000000000000000000000000000000000000000000000000000000000000
0000000000000000000000000000000000000000000000000000000000001100000000000000000000000000000000000000000000000010110000000000000000000000000000000000000000000000000000000000000000000000000000000000000000000000000000
0000000000000000000000000000000000000000000000000000000000001110000000000000000000000000000000000000000000110110100000000000000000000000000000000000000000000000000000000000000000000000000000000000000000000000000000
0000000000000000000000000000000000000000000000001000000000000100000010000000000000000000000001000000000000000001000000000000000000000000000000000000000000000000000000000000000000000000000000000000000000000000000000
0000000000000000000000000000000000000000000000000000001000100000000010000000000000000000000000000000000000000001010000000010001000000000000000000000000000000000000000000000000000000000000000000000000000000000000000
0010000000000000000000000000000000000000000000000000000000001000000010000000000000000000000001000000000000000100010000000000000000000000000000000000000000000000000000000000000000000000000000000000000000000000000000
0011000000000000000000000000000001000000000000000000000000001000000000000000000000000000000001000000000000000000110000000000000000000000000000000000000000000000000000000000000000000000000000000000000000000000000000
0010100000000000000000000000000000000000000000000000000000001100000000000000000000000000000000000000000000000001010000000000000000000000000000000000000000000000000000000000000000000000000000000000000000000000000000
0010000000000000000000000000000000000000000000000000000000001100000000000000000000000000000000000000000000110000010000000000000000000000000000000000000000000000000000000000000000000000000000000000000000000000000000
0010000000000000000000000000000000000000000000000000000000100000000000000000000000000000000000000000000000000010100000000000000000000000000000000000000000000000000000000000000000000000000000000000000000000000000000
0010000000000000000000000000000000000000000000000000000000001010000000000000000000000000000001000000000001000000010010000000000000000000000000000000000000000000000000000000000000000000000000000000000000000000000000
0010000000000000000000000000000000000000000000000000000000100100000000000000000000000000000001000000000000000000001000000000000000000000000000000000000000000000000000000000000000000000000000000000000000000000000000
0000000000000000000000000000000000000000000000000000000000100100000000000000000000000000000000000000000000100001000000000000000000000000000000000000000000000000000000000000000000000000000000000000000000000000000000
0011100000000000000000000000000000000000000000000000000000000000000000010000000000000000000000000000000000000001110000000000000000000000000000000000000000000000000000000000000000000000000000000000000000000000000000
0010000000000000000000000000000000000000000000000000000000000000000000000000000000000000000000000000000000000000010000000000000000000000000000000000000000000000000000000000000000000000000000000000000000000000000000
0000110010000000000000000000000000000000000000000000000000001000000000000000000000000000000000000000000000000001010000000000000000000000000000000000000000000000000000000000000000000000000000000000000000000000000000
0010010010000000000000000000000000000000000000000000000000000000000000000000000000000000000000000000000000000010010000000000000000000000000000000000000000000000000000000000000000000000000000000000000000000000000000
0000000000000000000000000000000000000000000000000000000000000100000000000000000000000000000000000000000000110010010000000000000000000000000000000000000000000000000000000000000000000000000000000000000000000000000000
0001000000000000000000000000000000000000000000000000000000100101100100010000000000000000000000000000000000000010110000000000000000000000000000000000000000000000000000000000000000000000000000000000000000000000000000
0010000000000000000000000000000000000000000000000000000000100010000010000000000000000000000000000000000000000010000000000000000000000000000000000000000000000000000000000000000000000000000000000000000000000000000000
0010000000000000000000000000000000000000000000000000000000000110000000000000000000000000000001000000000000110100000000000000000000000000000000000000000000000000000000000000000000000000000000000000000000000000000000
0000000000000000000000000000000000000000000000000000000000000010000000000000000000000000000001000000000000000110110000000000000000000000000000000000000000000000000000000000000000000000000000000000000000000000000000
0000000000000000000000000000000000000000000000000000000000000100000010000000000000000000000001000000000000110110000000000000000000000000000000000000000000000000000000000000000000000000000000000000000000000000000000
0000000000000000000000000000000000000000000000000000000000100000010100000000000000000000000000000000000000110000110000000000000000000000000000100000000000000000000000000000000000000000000000000000000000000000000000
0000010010000000000000000000000000000000000000000000000000100000000010000000000000000000000000000000000000010111000000000000000000000001000000000000000000000000000000000000000000000000000000000000000000000000000000
0011000000000000000000000000000000000000000000000000000000000100000000000000000000000000000001000000000000000110100000000000000000000000000000000000000000000000000000000000000000000000000000000000000000000000000000
0100010010000000000000000000000000000000000000000000000000000100000000000000000000000000000000000000000000100101101000000000000000000000000000000000000000000000000000000000000000000000000000000000000000000000000000
0011000000000000000000000000000000000000000000000000000000000000000000000000000000000000000000000000000000000000100000000000000000000000000000100000000000000000000000000000000000000000000000000000000000000000000000
0000100100000000000000000000000000000000000000000000000000001010000000000000000000000100010000000000000000000001000000000000000000000000000000000000000000000000000000000000000000000000000000000000000000000000000000
0000000000000000000000000000000000000000000000000000000000001010000000000000000000000110010000000000000000000000000000000000000000000000000000000000000000000000000000000000000000000000000000000000000000000000000000
0000010010000000000000000000000000000000000000000000000000100000000000000000000000000000000001000000000000000010000000000000000000000000000000000000000000000000000000000000000000000000000000000000000000000000000000
0000000100000000000000000000000000000000000000000000000000001010000000000000000000000000000001000000000001000111000000000010000000000000000000000000000000000000000000000000000000000000000000000000000000000000000000
0000000000000000000000000000000000000000000000000000000000000000000000000000000000000000000000000000000001000100100000000000000000000000000000000000000000000000000000000000000000000000000000000000000000000000000000
