0000000000000000000000000000000000000000000001000000000000000000000000000000000000000001000000000000000001000000000000000000000000001011000100000101000000000000000000000000000000000000000000000000011000000101010001
0000000000010000000000000001110010011101010100001101000000000001011011001101010000011000000000000100100001101000010100000000000000000100000000100000000000000000000000000000000000000000000000000011000000000000100000
0100000100001000001000001000001000000000100000100101000000000000000010000010000110001100001000011000100000100000000000010001010000001001000000000000000000000001000010000000010000000000001000000000000000010001100000
0001110100000000000000000000000000100000100000001100000000001001110110010000011000010110100000000000001000101100010010000000000000000001000001000000000000001000000000000000010000000000001000000000000001000000000000
0100000000000010000000110000000000000000000001100100001000100000101000000001000100000000110001000000010000000001001000000000100000000000011101100100000000000000000000000000000000000010101000000000000010000001000001
0100010010000000000000000000000010000011000100010101010100000010000000011110001000011001110001010011000000000001001000000100000000010010000000000000000000000000000000010000000000011101010100000000000010001001000001
0000000000000000000000000000100000010011010000100000101110001100000001000000000000000010000000000000001001000010101000000000000000000000000000000000000000000100000100000000000000000000000100000000010000000000010000
0000000000000001000000100010000000010000001010000010000000100100010000000000100000001100001001000000000000111001101000000000000000000010000000000001000000000000000000000000010000000000000000000000000001000010000000
0100000100000010000000101000000010010010000000000000000010000010000010000000001000000000001000000000000100001000011000000000000000100000000000000000001000000000000000000000000000000000000000000000001010000000010000
0100000100000000000000110010110000000000100000001011000000000000000010000100011000000000000000000000000000101001001000000000000000000011000000000000010000000000000000001000000010000000000000000000000000100010000000
0100000000100010000100000000000001100000100000000001100000100110000000011000000000000000000000000000101000101011001011000000000000100001001000000100000000000000000101000000000001000010000000000000000101100000010101
0000100000010000000000011100010000101000001010000100001000001011111000000100000000000110011000000000000000000010000000000000000000000001000110000000000000000000000000000000000000000000000000000000000001010100000001
0001000110000100000000000100000000000000011000000011111110100000001000100110001100000001100000100000100001000011000000000000000000100001000100100000000000000000000000000000000000000000000000000000000000000000000001
0000101010000010000000000000000100011000000001000000000000100000000110000000000000000010010000000000000000011010110000000000000000010000000000000000000000000010011000000000000000000000000000000000000010000000010100
0110000000000100000000000000000100010000000000100000000000000110000010100000110000001000000001000000000000000100001000000000000000000010000000000000000000000000000010000000000000000000000000000000000000000010000000
0100000000010000000000010000000000100000001100000000001100001110000000000000000100000000110011010110001000000000010000000000000000000000000000000100000000001000010000000011000000000000000000000000000010000011101001
0100000010110100100001001110010000011011010001000000010000100100000110000000000100000010110000000000000000010100100000000000000000000000000000000000000000000000100000000000000000000000000000000000000111100000010000
0100000110010000000000010000101000000010000010001000000000101000001000001010001100000000100001000000000000000000000010000000100000001000000000000001000000000000000000000000000000000000000000000000011101100001000000
0000010000000010000100101110010111000000100000001111000110001000111100000010000000000010111001000000000000000000000110000000000000001100000000000000000000000000000000000000000000000000000000000000011000100000000000
0010001000000000000000101000000111010000000101001110110000100001010001000000000000100000000001000000000000000000000000000100000000000000000000000000000000000000000000000000000000000000000000000000010000010000000000
0100100000111100000000010000000000000001100100100000110000000001110100000000000000000000000000000000000000000001000000000000000000000010000000000000000000000000000000000000000000000000000000000000001000000000000100
0001000000000000000000101000000101000000000000000010000000000000100000010000000000000000000000000000000000000000100000000000000000000000000000000000000000000000000000000000000000000000000000000000000100000000000000
0100000000000100000000010000111000000000001010000001001110000000100100000100000110100000000000000000000000000000100000000000000000000000000000000000000000000000000000000000000000000010000000000000000010100010000000
0000100000000000000000010100000010000000000000000000000000000001000100000000000000000000000000000000000000000001000000000000000000000000000000000000000000000000000000000000000000000010000000000000000000000000010000
0100000000000000000000100010000000000000000000000000000000000001010000000000000000000000000000000000000001000100100000000000000000000000000000000000000000000000000000000000000000000000000000000000001010000000000000
0000000000000000000000000000001000000000000000000000000010000000000010000000000000011010010000000000000001000001010100000000010000001000000000000000000000000000000000000000001000000000000000000000000010100000000000
0000000000000000000000000000000000000000000000000000000000001011000100000000000000011010000000000000000001000101000000000000100000000000000000000000000000000000000000000010000000000000000000000000010000100000000000
0001100000000000000000000000000000000000000000000000000000001011100100000000000000010011000000000000000000000001000000000000000000000000000000000000000000000000000000000000000000000010000000000000001100000010000000
0001100000000000000000000000000000000000000000000000000000101110000000000000000000000001000001000000000000000000100000000000000000000000000000000000000000000000000000000000000000000000000000000000001100000000000000
0000010010000000000000000000000000000000000000000000000000001000000000000000000000000000000001000000000000000000010000000000000000000000000000000000000000000000000000000000000000000000000100000000001101100000000000
0000000000000000000000000000000000000000010001000000000000001010001110000000000000000000000001000000000001110100000000000000000000000010000000000000000000000000000000000000000000000000000100000000000000000000010000
0000000000000000000000000000000000000000000000000000000010000000000110000000000000000000000001000000000000010100100000000000000000000010000000000000000000000000000000000000000000000000000000000000001000000000000000
0000010010000000000000000000000000000000000000000000000000000000000010000000000000000000000001000000000001000000010000000000000000000010000000000000000000000000000000000000000000000000000000000000000000000000000000
0000000000000000000000000000000000000000000000000000000000101000001010000001000000000000000000000000000000100000000000000000000000000010000000000000000000000000000000000000000000000000000000000000000010000000010000
0000000000000000000000000000000000000000000000000000000000000000000010000000000000000000000000000000000000100001010100000000000000000000000000000000000000000000000000000000000000000000000000000000000101000000010000
0000000000100000000000000000000000000000000000000000000000100010000000001010100000010000000000000000000000101001000000000000000000000000000000000000000000000000000000000000000000000000000000000000000100100001000000
0000000000000000000000000000000000000000000000000000010000000110000000000000000000010000000000000000000000110001000000000000000000000000000000000000000000000000000000000000000000000000000000000000000011000000000000
0000010010000000000000000000000000000000000000000000000000001000000010000000000000000101010000000000000001000000000000000000000000000000000000000000000000000000000000000000000000000000000000000000000010000000000000
0000000000000000000000100000000000000000000000000000000100101110000010000000000000000000000001000000000001100011000000000000000000000000000000000000000000000000000000000000000000000000000000000000000100100000100000
0000000000000000000000000000000000000000000000000000000000000010000010000000001000001001000000000000000001010100100000000000000000000000000000000000000000000000000000000000000000000000000000000000000110000001000000
0000000000000000000000000000000000000000000000000000000000101110000000000000000000000000010000000000000001111100100000000000000000000000000000000000000000000000000010000000000000000000000000000000000100000000000000
0000000000100110000000000000000001000000000000001011000010001110000010000000000000000000100000000000000001011100000000000000000000000000000000000000000000000000000000000000000000000000000000000000000101100000000000
0000110100000000000000000000000000000000000100000000000000100000000000000000000000000000000001000000000000000000000000000000000000000000000000000000000000000000000000000000000000000000000000000000000011000000000000
0001000000000000000000000000000000000000000000000000000000000100000000000000010000000000000000000000000000000000000000000000000000000000000000000000000000000000000000000000000000000000000000000000000011100001000000
0010000000000000000000000000000000000000000000101000000000100100000000000000000000000000000000000000000000000000000000000000000000000000000000000000000000000000010000000000000000000000001000000000000100000010010000
0100000000000000000000000000000000000000001000000000000000000000000000000000000000000000000001000000000000000000000000000000000000000000000000000000000000000000000000000000000000000000000000000000000011000000000000
0000101000000000000000000000000000000000000000000000000000001000000000000000000000000000000001000000000000000001010010000000000000000001000000100000000000000000000000000000000000000000000000000000000000000000100000
0000000000000000000000000000000000000000000000100000000000100000000000000000000000000000000000000000000000000000010010000000000000000000000000100000000000000000000000000000000000000000000000000000000011100000000000
0001000000000000000000000000010000000000000000000000000000101000000010000000000000000000001000000000000000000100100000000000000000000000000000000000000000000000000000000000000000000000000000000000000011000000100000
0000001010000000000000000000000000000000000000000000000000101000000000000000000000000000000000000000000000000100100000000000000000000000000000100000000000000000000000000000000000000000000000000000000000000000000000
0001000100000000000000000000100000000000000000000000000000001000000000000000000000000000000000000000000000000001100000000000000000000000000000100000000000000000000000000000000000000000000100000000000000000000000000
0000000100000000000000000000100000000000000000000000000000000000000010000000000000000000000001000000000001000001100000000000000000000000000000000000000000000000000000000000000000000000000000000000000011000000000000
0000000010000000000000000000000000100000000000000000000000100000000000000000000000000000000000000000000001000000100000000000000000000000000000100000000000000000000000000000000000000000000000000000000000000000000000
0001000110000000000000000000000000000000000000000000000000000000000000000000000000000000000000000000000000000010100000000000000000000000000000100000000000000000000000000000000000000000000000000000000000000000000000
0001000000000000000000000000000000000000000000000000010000001000000000000000000000000000000000000000000000000000101000000000000000000000000000000000000000001000000000000000000000000000000000000000000000000000000000
0000100000000000000000000000000000000000000000000000000000001100000010000000000000000000000000000000000000001101010000000000000000000000000000000000000000000000000000000000000000000000000000000000000010000000000000
0000101010000000000000000000000100000000000000000000000000000000000000000000000000000000000000000000000000000001100000000000000000000000000000000000000000000010000000000000000000000000000000000000000000000000100000
0000001010000000000000000000000100000000000000000000000000001000000000000000000000000000000001000000000000000001000000000000000000000000000000000000000000000000000000000010000000000000000000000000000100100000100000
0000000000000000000000000000000000000000000000000000000000100100000000000000000000000001000001000000000000000000001000000000000000000000000000000000000000000000000000000000000000000000000000000000000000000000000000
0000000110000000000000000000000000000000000000000000000000100000000000000000000000000000000001000000000001001001010000000000000000000000000000000000000000000000000000000000000000000000000000000000000000000000000000
0000000010000000000000000000000000000000000000000000000000100100000000000000000000000000000000000000000000110000000000000000000000000000000000000000000000000000000000000000000000000000000000000000000000000000000000
0000000000000000000000000000000000000000000000000000000000000010000000000000000000000000000001000000000001010100110000000000000000000000000000000000000000000000000000000000000000000000000000000000000000000000000000
0000000000000000000000000000000000000000000000000000000000101110000010000000000000000000000000000000000000011000100000000000000000000000000000000000000000000000000000000000000000000000000000000000000101000000000000
0000010010000000000000000000000000000000000000000000000000000000000000000000000000000010000001000000000000000010000000000000000000000000000000000000000000000000000000000000000000000000000000000000000000000000000000
0000100000000000000000000000000000000000000000000000000000000110000000000000000000000000000000000000000000000001100000000000000000000000000000000000000000000000000000000000000000000000000000000000000000000000000000
0000100000000000000000000000000000000000000000000000000000000001101100000000000000000000000000000000000000000000000000000000000000000000000000000000000000000000000000000000000000000000000000000000000000000000000000
0001100000000000000000000000000000000000000000000000000000000001100000000000000000000000000000000000000000000000100000000000000000000000000000000000000000000000000000000000000000000000000000000000000000000000000000
0001010010000000000000000000000000000000000000000000000000100001100100000000000000000000000000000000000000000010100000000000000000000000000000000000000000000000000000000000000000000000000000000000000000000000000000
0000000000000000000000000000000000000000000000000000000000100000011100000000000000000000000000000000000000000000100000000000000000000010000000000000000000000000000000000000010010000000000000000000000000000000000100
0000100100000000000000000000000000000000000000000000000000000000000000000000000000000000000000000000000000000000000000000000000000000000000000000000000000000000000000000000000000000000000000000000000000000000000000
0001000100000000000000000000000000000000000000000000000000100000000000000000000000000000000000000000000000000000000000000000000000000000000000000000000000000000000000000000000000000000000000000000000000000010000000
0000000000000000000000000000000000000000000000000000000000101100000000000000000000000000000000000000000000000000100000000000000000000000000000000000000000000000000000000000000000000000000000000000000000000000000000
0001100000000000000000000000000000000000000000000000000000001100000000000000000000000000000000000000000000000000100000000000000000000000000000000000000000000000000000000000000000000000000000000000000000000000000000
0010100000000000000000000000000000000000000000000000000000100000000000000000000000000000000000000000000000000001000000000000000000000000000000000000000000000000000000000000000000000000000000000000000000000000000000
0011000000000000000000000000001000000000000000000000000000000000000000000000000000000000000000000000000000000000100000000000000000000000000000000000000000000000000000000000000000000000000000000000000000000000000000
0000010010000000000000000000000000000000000000000000000000000100000000000000000000000000000000000000000000011001001000000000000000000000000000000000000000000000000000000000000000000000000000000000000000000000000100
0000000000000000000000000000000000000000000000000000000000100000000000000000000000000000000001000000000000000000000000000000000000000001000000000000000000000000000000000000000000000000000000000000000000000000000100
0000000000000000000000000000000000000000000000000000000000000000000000000000000000000000000000000000000001000000110000000000000000000000000000000000000000000000000000000000000000000000000000000000000000000000000000
0000000000000000000000000000000000000000000000000000000000000010000000000000000000000000000000000000000000000001010000000000000000000000000000000000000000000000000000000000000000000000000000000000000000000000000000
0000000000000000000000000000000000000000000000000000000000001100000000000000000000000000000000000000000000000000110000000010001000000000000000000000000000000000000000000000000000000000000000000000000000000000000000
0000000000000000000000000000000000000000000000000000000000101100000000000000000000000000000000000000000000110101000000000000000000000000000000000000000000000000000000000000000000000000000000000000000000000000000000
0000000000000000000000000000000000000000000000001000000000001100000010000000000000000000000000000000000000000001000000000100000000000000000000000000000000000000000000000000000000000000000000000000000000000000000000
0000000000000000000000000000000000000000000000000000001000100000000010000000000000000000000000000000000000000001010000000100000000000000000000000000000000000000000000000000000000000000000000000000000000000000000000
0000000000000000000000000000000000000000000000000000000000000000000010000000000000000000000001000000000000000100010000000000000000000000000000000000000000000000000000000000000000000000000000000000000000000000000000
0001000000000000000000000000000001000000000000000000000000001000000000000000000000000000000000000000000000000000110000000000000000000000000000000000000000000000000000000000000000000000000000000000000000000000000000
0000100000000000000000000000000000000000000000000000000000001100000000000000000000000000000001000000000000000001010000000000000000000000000000000000000000000000000000000000000000000000000000000000000000000000000000
0000000000000000000000000000000000000000000000000001000000000100000000000000000000000000000000000000000000110000010000000000000000000000000000000000000000000000000000000000000000000000000000000000000000000000000000
0000000000000000000000000000000000000000000000000000000000100000000000000000000000000000000001000000000000000000100000000000000000000000000000000000000000000000000000000000000000000000000000000000000000000000000000
0000000000000000000000000000000000000000000000000000000100001010000000000000000000000000000000000000000001000000010000000000000000000000000000000000000000000000000000000000000000000000000000000000000000000000000000
0000000000000000000000000000000000000000000000000000000000100100000000000000000000000000000000000000000000000010001000000000000000000000000000000000000000000000000000000000000000000000000000000000000000000000000000
0000000000000000000000000000000000000000000000000000000000101100000000000000000000000000000001000000000000100001000000000000000000000000000000000000000000000000000000000000000000000000000000000000000000000000000000
0001100000000000000000000000000000000000000000000000000000000000000000000000000000000000000000000000000000000001110000000000000000000000000000000000000000000000000000000000000000000000000000000000000000000000000000
0000000000000000000000000000000000000000000000000000000000000000000000010000000000000000000000000000000000000000010000000000000000000000000000000000000000000000000000000000000000000000000000000000000000000000000000
0001000000000000000000000000000000000000000000000000000000100010000000000000000000000000000001000000000000000000110000000000000000000000000000000000000000000000000000000000000000000000000000000000000000000000000000
0000010010000000000000000000000000000000000000000000000000000000000000000000000000000000000000000000000000000000010000000000000000000000000000000000000000000000000000000000000000000000000000000000000000000000000000
0000000000000000000000000000000000000000000000000000000000000100000000000000000000000000000000000000000000110000010000000000000000000000000000000000000000000000000000000000000000000000000000000000000000000000000000
0001000000000000000000000000000000000000000000000000000000100100000000010000000000000000000000000000000000000000110000000000000000000000000000000000000000000000000000000000000000000000000000000000000000000000000000
0000000000000000000000000000000000000000000000000000000000100010000010000000000000000000000000000000000000000000000000000000000000000000000000000000000000000000000000000000000000000000000000000000000000000000000000
0000000000000000000000000000000000000000000000000000000000000110000000000000000000000000000001000000000000110100000000000000000000000000000000000000000000000000000000000000000000000000000000000000000000000000000000
0000000000000000000000000000000000000000000000000000000000000010000000000000000000000000000000000000000000000100110000000000000000000000000000000000000000000000000000000000000000000000000000000000000000000000000000
0000000000000000000000000000000000000000000000000000000000001100000010000000000000000000000001000000000000110100000000000000000000000000000000000000000000000000000000000000000000000000000000000000000000000000000000
0000000000000000000000000000000000000000000000000000000000101000010000000000000000000000000000000000000000110000110000000000000000000000000000100000000000000000000000000000000000000000000000000000000000000000000000
0000010010000000000000000000000000000000000000000000000000100000000010000000000000000000000000000000000000010101000000000000000000000001000000000000000000000000000000000000000000000000000000000000000000000000000000
0001000000000000000000000000000000000000000000000000000000000100000000000000000000000000000001000000000000000100100000000000000000000000000000000000000000000000000000000000000000000000000000000000000000000000000000
0100010010000000000000000000000000000000000000000000000000000100000000000000000000000000000001000000000000100101101000000000000000000000000000000000000000000000000000000000000000000000000000000000000000000000000000
0001000000000000000000000000000000000000000000000000000000000000000000000000000000000000000001000000000000000000100000000000000000000000000000100000000000000000000000000000000000000000000000000000000000000000000000
0000100100000000000000000000000000000000000000000000000000000010000000000000000000000100001001000000000000000001000000000000000000000000000000000000000000000000000000000000000000000000000000000000000000000000000000
0000000000000000000000000000000000000000000000000000000000000010000000000000000000000110001001000000000000000000000000000000000000000000000000000000000000000000000000000000000000000000000000000000000000000000000000
0001100000000000000000000000000000000000000000000000000000001010000000000000000000000000010000000000000000000001100000000000000000000000000000000000000000000000000000000000000000000000000000000000000000000000000000
0000000100000000000000000000000000000000000000000000000000000010000000000000000000000000000001000000000001000101000000000010000000000000000000000000000000000000000000000000000000000000000000000000000000000000000000
0000000000000000000000000000000000000000000000000000000000000000000000000000000000000000000000000000000001000100100000000000000000000000000000000000000000000000000000000000000000000000000000000000000000000000000000
