1101111
0011001
0100100
0110111
0111100
0110000
0111100
0111000
0111100
0111000
0111000
0111011
0111111
0101111
0111011
0100011
0100011
0101110
0100011
0101110
0101010
0100011
0101110
0101110
0101110
0101010
0100010
0101011
0101111
0100111
0110111
0111100
0110100
0110100
0100110
0111100
0110100
0111100
0110100
0110100
0110000
0110000
0110000
0110000
0111001
0110101
0111100
0111100
0111100
0100101
0100111
0101110
0111101
0101101
0100111
0100100
0100100
0100001
0100001
0100001
0100000
0100000
0101000
0101001
0101000
0101000
0111001
0101001
0101001
0101011
0101011
0101001
0111001
0101000
0101001
0101001
0100000
0100000
0100000
0100000
0101001
0100001
0101001
0101010
0101000
0101011
0101000
0101000
0101001
0101000
0111001
0100000
0000000
0001001
0001001
0110000
0100001
0100000
0000000

