1110011111100101011000001001100101001110110010011001010011010101111101011111111010100001000100111111111101101100000001010101110010111011010100110100100101111110111111010011011011011111111100000000000110010001010011
1110001111000110101111001001000101001100110010010001010011010100000000110000000101000001000110100001011110101100000010111011011101001011101110101110011011000000000000111100001100100000000000000000000111000001011001
1110010110010111110100001001010101001101110010010101010011101010100001101110111001010011111011101011011101010111111110000100001000110110011111000100001000111001011101000100110010000000001011111111100011000010110101
1110011011101001001001001010001101001110000010110011010011010101001001110010110001001011111111010011110101101010000001000001000000011110001111010100011000110111001001001000110000000000001011111111100110000111110111
1110011101101001001111100011001000110101111101001100101001010111100001000010110111000111111111100100010011110010100100111110110101111111101010111011010011101000010100111011001110111111111100000000000011010110111010
1110001111101011110000010011001010110110111000111101110101110101001000101101111011011110111111110111000011110010100111111010010101001101110101011110011011000110000000100010010100100000000000010000000011001010011110
1110010011101001110000001111001100110110110000111100110010100110110010100011011011011011111101010001010100000101011110000111001010001111010111000100111000110001000000011110110101000000000011111111110101110001000101
1110010011110011100101001011110101111001111100011101100011010111001011101101111011010111111111110011011101001100010111010110101000111101010111000101011101111110010100010111010100000010100100010000000001100001010101
1110010110001111111101000011001101000100110010111100100001111000111101010010101111011111100111010000011001111111100110010110100000101111010111010100010101110000000100001011010110011101110000010000001010100001000011
1110010111011110111100110010101101001101110010111011010010101010100001111000100111011111110001110011111101011110110100010101100010011100001111010100111101111000011001011011000001000000100000010000000011110001010011
1110010011101110001001101011001110110110010010111101000010011100111110101010100111011111101001110111110111011100110101111000010111101100111111011011111011000000001101100010000011100010000000010000000101000001001110
1110011101101100100000001011001101100110100010111100100111101100111111110010111101011111010110110011011101000101110101010110100000101100000011010101011101111110010100000001000100000010101000010000000111010101010110
1110001001101100001110001111001101101110111010101100101100111100110111010100100100011100111011100001011110000101010101101001001101111110110000101110010110000001101111101100111010111111010111101111100111010011011000
1110000100101010011011001010001001110010100011111111010010111100111001110010101011011111001101110001011101011100100011000111000010001111000111010100111000111001010000010010100101000010000011111111100101010011100011
1110010010111010100101001010111101001010110100111100010010111100111110010110100101001111111000110010111011110111100110101010011111101101110111011110110010101001010100100100110101111101011111111111100010100111011101
1110010011011101100101111010001111110010111110101100101111110100111111100010100001011111011010110011010111110111101110111011110101001111110111011010011011101000010000110001010110100000101100010000000010110110111010
1110010000101011010111001110001101010110000011110000000011001110100101011100111000011101000001000111111101100011011110000010010010001111000100010100110000110111100011010000111001011111010111101111100100110011100111
1110010101010001011010011000101011100011110010110111010010011011010000110011100100000011000001110110000111110001101101111000001111110110101111011111111011001000111111111100000001100000001100010000011111001110011101
1110011111101111101011001010011101001110110110101100101011010100010001001011101011000001111010111011010001110010001000111100010110100011000110011110101101000000001101000010001000110110011100000000011011001100100001
1110000110101100001100001100001101011110010011101101011100111101111101100101100001100011000100000111000011110010001111111000110111101111110100011111111011100000001101110001001011100000100000000000010011110111111011
1110001111010001110000110101001010001011110010000011011101011101011001101011101111111010101000111111110011110011001011111001110111011101110110011110101011101000011001101011011011100000101000000000001011101010111111
1110001110010011100111001111110101110101010010000010101100110101101001101010001011110001010100100111000111110000101010101011100111111111110001011011101010100011010100111001100111100010100011111111100111101111101011
1110001111000001000010110101110010001110011100110010100010111100001001101101111010100011000101110011000101110010101110000110011010101111010111000000011001111111111111001110100100000010000011111001100001001011110000
1110001110000000101100110010110010110110101011111011110011111100001100111100100011010001111100111101110001110001001111010000110010001010000110010101101101110000001001010011001001000000101000000000000011101111100111
1110001111001110010011001001011100000000011110101110111000010101101100010000000000110001010110001101100110000110100011101101001101011000111111001110010110101001101011101100110010111111011011111111101111001101001101
1110011100001111000001000010100011000100110101011110000101110110000101100111111010000011000000010101011100000110100001010100011010100111001111000100111001011000101111000110000011010110010000010000000111010011100100
1110011100111110010010011110110000010011111010101001001011111100011100101000111101011011000110011010011000000110100100000100101000111111000110000000000000011001011101000101111000011000110111101111110111001111010001
1110011101001000001110010000111111101111001111111101110110111100101101011110111110010100110000000000010111110010101100111000101111110111111000001011010010100000001111101100111001111111111110010000011101000010011001
1110011100101011110101101010100011101111001111111010000011001000101100111101000110100000101101101100100111110011001100010100101001000111011110011100011100001111001111101011101011110110111100100110101110110010001111
1110010010011100111110111111001011011101111110000011001001010000111100011010001101101010010110001100000101110000011100010010000000111110010100010100010101011000011100000001001100011111110100000000001101111010100011
1110010011110000111011010111111110000101110001000100000011100000111101011011001101000101110010100000001100110011111100010111000000111101001100000000010101010111001100001000000110011111011011011011000101101001000100
1110001110000010100110010010100100110100110001110000110100000101000001001101111101100110000011011011111111010000110111111110100111111101101011011111010011100001000101110001000011111101010011101111011100100111101110
1110001111001101010110001110110010011010001011000110000100100110100101010010110100001001011011111001111100110111101101000001010000101101010101010000010001111001101110001110100110011111011110101100100000110011110101
1110001111110011100011001101001101010111011110100011101001101101001100100010001110001100000011111100010011100100010110101111010101111001110100011111011110101111111110110010101010100000001011101111100110101111001111
1110011101011100000111000100001010000001001011111101100001111110111110111001000010100100110101001010100111100000110000100110001110010111000100011011011000111111100011111110101111000010001111101111100010101111001110
1110011101110000000110011010010010110101000000101100000110011100110011111101111010000001111101010011110111101100110011110011110101001111101001010101010011100110101000110011100101100010110111110111100001001000111100
1110011100001100110000100011000011101111101111011101101100111001001111101101010010100110000101010111111101110100110101000001000110011111100000001000100010100111000010101010011001111111011110101100000110100001110111
1110011101110100100000001011000010101110000100100100101111000101100111100011110100100000000101100000100010000010000000000011111000111111111111001100011111111110110110000001001100100010100111100000100100110001111011
1110011100100101010100110111011100110101100101111010000001001000001101111000101001101101001011100001011110100100110111001011001111001111101010011010100111101001101000011001111110001110100001111100000010110001011000
1110011100101000101010110001011110100100000001000101001100101101001111101101111010001100110111010010110000010101000010010100010000011111011101000100011001110111101011010110110100000000000101111011000010000010110111
1110011100010110101010101101011110000110110010111011100010011000111101000001110010110000110010000011101000111111000011000100011000111110000111010100000000010111110110000111101010011111010100010110100011111100110011
1110011101101001111001110111101010000100001101000011011100101000111010100110111000000010111110100100010100011111100101111001010000101111010100010100101100000000110011010010011100100010001111010001100001110000111001
1110001000010011001000010110101000111101101011111011101111010111101000101100111011111000011011000111100101110011101110111000110011001111011011000010000101011110000000111000011000011010111000011000100010010001110101
1110011100001111111010111110000010011011000001100001010110100010000100101101111011011101000110110011110101110011101101100100110100110111011001010011110110101111010011000111000101101101110101010001000001001010111010
1110011101011100001011011111100101010011010100000001101100010010101001000110010101001001101110110010100011110011101111111100001011001111000011000001110101010110001001111000000010011101011100010000000101001111100100
1110011100011010010001100110011101011000110101000111110111100110000001011010001001110000100001100101110001110011101110100000110001110111010000011000101100110111100110110000101101011010010111011111000001101010110000
1110011011001111010001100011000100000101011110010011010100100010000011010010111010001110001110010000101101110110101100001000101001111100011011110000000000101111101111000010110010110101100011111111100011011111111100
1110010010110011110000000101010010110111101001111001100101010010100001100010001001000111001010101000101101110101101100101100010100001100011111101011011100100100110110011001000110110000101110011001100011011100011001
1110011100100111101010010100111100001101011101100000010011011110000010101001111101100000000100111011000001110111001100111011110011111111111100010110011011000000010000000011011101100000100000111001100010000010010101
1110010111110011000000101001101001010100011000011111001110011111100011010001010010010111101010000101111101000011010110010101110000101100011100100100000101110110101110001001001000011111110100000000000101110111000001
1110011001100100110000101000110001110110011001110001001111101110001001010110110101011111100010011000000001110010001110000000101000001111000000100101000000010001011001010101111000011111110011101111100010101100110110
1110011001001011111100101100011001110011100011001111111100101110000101011000000101001101001100110101111110000100010111101000100010111101001101001110011010010011011101110101100000101111111111111111100101010011101101
1110010001100010111111101011010011000110100110100000001101011011000101000110000101101010111011101010101100000111010100100001110011100111000100111000011011111110011000011101011011110100111000000110111101011101110011
1110010101101001001011010110101010010001111000000101111100101011100101010100001110111001100001111011010001110001001111110010100000011111101110110010011001001001001100110111110110000000001001101001111111000001101000
1110010010000001110001011100100011100010000101101111100110110010111101100011001000010001000111001000010011110011000111111011101101111111111000001010011111100000100110100101011110100000100000000000000101100000001110
1110011101001010011100101111111000010110101010110111010111110011011001110001110011111000000001010011111101111000101100011011001011111100101011001111110100000100001011000100111011000010010011010101000001000100011111
1110010111011011100001101111100100110110100100110000001101110111100001001010111101101010000110100110110111110010001100101001011101011111110110001011010110101111001001110000110010111111010111101111111011100000001010
1110010110010110011111101010011010010100000101110101110111110111100111010000110001011111001010101000101101000100110110010011100000011110010101010100010101111110010000001001000100011101111100010000000001011001010111
1110011100111111100000111101110100010110010110001101000000001010100100000010001111011110011100100110000101110001100101100110100100010111001111011000000011111000111111110000111110101001100001100101011100100101110001
1110010100101000110011101100110010001101100000110110000101001011110111111100000111001001011010110110101100001110100111100011110011000110100110010100010011010011111010010010001010000111010010101010110011011010100101
1110010000001010110001111101111101011000011110010110110001001111101101101010111001101100101001010001100001110011100111101010011000110111111010010001000010000110101000001110010011101100001011100010101001110110111101
1110011100010011000101101001110000000111100011111010101101111100000000100110111101101111011100001011101000010101010100110111111011011111001000000100111001110111111001011111101110111000011111011001101000101100101001
1110011101101110000110100100100001011111100100100101011011011001011111100010100011001110000110111001011001011011000011000000001000011111011101010100011100111001001001000100100010000000001011111111100010111111100101
1110011101001010000000101101110101011001010111111001000111001101101101011010001110010100011110111110010111110000001000100100000011111111100111011001100001100001100100000000100011000111111101000110100011100100100001
1110011101111000010010110100001010111010101100100101100111111001000000101011111101100010001011011101110011110000001110101001000100100111101010011001100001001110101100110110000111001010001010010100011110101101101110
1110001110011011000000110001100100000001111111010100100000111100100101111000000000101000001011001011110111110000001001111110111101000111101000001110111110000001110011111110001111100000100001001100001100000011001101
1110001111110111010111010001100101100000000001111011001011010100101000110100011011010001100100101101110111110000101110101010011101100001101011001111111110101100011100100111011010100010100001101001000010001010011100
1110010011011010110000011000000101100111100111100110011000110000111101001111110000011101010000001111110111110000101100011101110011000100001111001101111101100000001001111101000011000110111000010000000010010000000011
1110001110000100100011011011111011001000100101110101100110100101001000000000011100110100111010000111110001110000101100000101101000100101000111000100110100011001110110011100101110011111111011010010100111100011110100
1110010111000111011101000010010011011101110010001101011000100011101000001101110000010011010010000111010011110001101111111011000101110111111000011010000011001000110110101100011110111101010100000000001010110000001111
1110010110111101011010101100001011111011001111110111010100010010000001011101011111011001110100110101000101110001101101010001000010100111011001010101110101010000001001010110010011000000011100010000011110110000010001
1110000011100110101011111110100110010111100100110001111001011111101101001111101010000110100000111000100011110001001100011101110101011110011001011010001001101111110100100011000101011111001001111000111011001101111000
1110010011111100000011011010001100000001011101100111001010101110001100011101101001011010010100110111010111110001001101001000001111011110011100110111110011010000101010100001100101001100001010011100110001010000010110
1110010101100100011110000010111011010100101111111101010001011011001001100100001111100100111001110110100011110010101110010011100000010111000110001001111110000110010111000101000111001010010111111000110011001100000011
1110000101110110110010110011010000010000100100111010111010101010101100001111110011001011010001100001110001110011001101001101010110010110000100000110110101001110011010111100010001101000011110010010000001000011111010
1110001111001101000000101011010001100011001000000010011000101010110111100101100000000010100011111111011101011100111100000100111000010110011011000101000000010001101011011101100010010001101111111111101110010101100101
1110011100100000010000001110011110110101111010101110111111010111000011001001101010010000100001111010001111110111111111101010100111001110110100011110110110100111110010110001111101101010111111101111110110111001011110
1110001111110000011101100110011011011111101101011111110001100011000111001011110011001110001100011001111100000101000110001010111011011100011111110100001000001010001001100011001100110101110000011001010010100001110111
1110000101110010100101101101001011011000111111000000101110010010101111001011010101011000001000001011011111000111000110101010010111000100100101011110100110101111000100111010100101111101010111111111101101100011001010
1110000001101101001110000101001100011010100000001001101011100110001011011110011110111010110001000100001101000111000111000110110010010111011000010001100000010001100110011001101111011111110111101111110000011110110011
1110010010000011010100001011000110111011111110011000001000011110101011000001011000010010100010001001011111110000110100111111000011010101010100101001011100010100010110000010100101011010000110000000111011000000001000
1110001100111111000111001000100001001110100110110101111110101111001001110100101111000011100000111111011101000100110100011100110110000101010100111110011010001011100010111100000101010000100101100100110110110111101001
1110010111101001001000000110001010101000010110111001100111011011001101011101101101101111011011010110101101000110100110010010010000010101010101110001000001010000100010010000010110001001000100010000011011111001110111
1110001001110101101101100111000111111001010110111111000011110011001001101011010011011101010001111010101101110001101100000100110010100111010110011111000000001000111011101111011010111110111101111010011011001101111011
1110010101001000100101011011001100101011100000001010111000110010001100001010010011000010010111110111010111110011011101011110010111110111101010011111100001001000100001110100011000111101000001000010010100010101011010
1110011111101001000111101001110011111101001110110111001010110111001100100000111101000100100100100101000111110010111100110001000110101111100110101110000000110001101000010000100101110011001010001100111101011101011011
1110011111111011101011010101100101001100101111110100000101110111100011110110111011010001010100110000001101000101101101000101111001101100001101010111001101001101110111000110001010101111000010101100010001011110001100
1110010100110111000110100100011101100001101100101001000011001010100001111000101110100110110100111111010111110010001101110110100110010111100111101101011110111000110100000101110101100101110100001000000000000110100000
1110001111001000001001011010000001011101011000110001110000001010001011000100111101100111111110000101111110110110001101010110001111111111000001100001011100101111001110111001101110110011101010111111010011010001000111
1110010011000110001110101001000000110110001011101000011011001111100100100000101001001110110101111110000101110001100110011001110000010111111010111011000100100000110011101010101111001011001111100111010010101011001111
1110011011101100011000111101010110111010010110001000001000001110100001001001010010011000110011000101011101100100110100010110010110110101001101110001001010110110011010101110100010011001110101000101001111000111111011
1110001110111110000000010111000111000111111111000100100011110100101100100011101110000011101100111100100001110011111100000001111010111110010110000101011100110011101110001111111101000010001001001111110001100110000101
1110001110001101110111100100000111100010001001010111010001010100101100010001101001100101010001101001100011110010011011101000111101101010111111001110010011000110010100100111000111111101010011110101011111000110111000
1110011100100001011000110000100101001000000001111101100111001101001001011010101000000110000010001000110011110001011100101010010011110110111111001110010110001111110101101000100000011110011011110101111111100000011000
1110001111001010011101011001110011000101010011101101111111111110100001000001111001100010011001110111010111110001111110111001010111011110100101011110001011100000010100100011000111110010101100010000000110001000011111
1110000111100001010000010001100100100110100110110001011000111110101101000001110011001001010101011000110101110011110100010101001010101110010111000000110101010110001100001101001011011111101000000000010000100001110001
1110001110111010110101010110000011011110100101101110110001110001001000000101010110010001000010000011000111110000111001111000010101110111100001011110100010000111100111111000101000111101111011110101100010100011011010
1110011100110110001010000000100001111100011101001001111110011100001010111100110011010101000101011001010011110001101001000111001110100111100110000101101110010110001100011001000000100000000010110011110101001000011011
1110011101101010010101000011111110111000011101011110111100101001101000010000110101110101000110001001110001000101101111000110101110001110101011001100011001010110101100000110111011101111001011100011000001100110111110
1110011100011111111001111011100010001111011000101101011000101101000000110111101101010101101111011000010111000101010010011100001111100111111011001110001001010000111100000110111111000101111000010101101010100010010011
1110000111011000000110011100010110010111010100111000110110111110001111111111110111011000101001111011100011000101101100101101011101110101100100001011001110000111011101110100100110100000001011101111101001000011101001
1110010011010111010001010100011101010011100100101110110111110000111100101110110001101000110111011110111101110000110000111101101100111001000010110001110010111110010100100101100110001111001100010000010110001100001100
1110010010101011011000100010101010001100010000010111110111110000000011111011010000111100000100001010100101010111000110000010010010011110000001010000101000110001100110000000110111000000000011111111101110101011100011
1110011100000001010110011101111111010101111101110110000011111011001011000001011001111000001000001111000010100101001100110101111010010111110011010101101001011000110010110101101010011100111010011011001011101010011010
1110001110001000111110001011110010100011011101010010001001111011111100111001001111100111000010110100000111110100001101000001101001100111000110010110100001011001101000110001011010100110110000011011111010111101110101
1110001001100110101110110000010001001001010101000110010000111010100001011111011011001111101110000110000111110011001100001000111111010111111110110110100100111000111100010011011111001111100001110100101011110101100100
1110011000111011111001001000001111110000101101111000000000110100100001101110000011000011000111000001010111110010101101010100001010011111011110001010000101101000010111101111010100001000011000110111001001001100000100
1110011100010011011011101110011000100110001101000011001101110101101000100111001001000001000101001000110011110011101010000100011101000111110011000001111111010110111111011101001011111011001011111111010100001110011000
1110011100011010000010010111110001000000111001111000101001110101101000011011010110000011000111110101100001110000001100110110010010001111111010010010100000010110100011011010100100100110101001001001101111111100111000
1110011000111010101110110110010011000110001111110101010011110100001101000010011111100001000001000100000100000110100011000110001010100110011010000100100000111001000100011110101111011111011011101111110000001101100001
1110010110010001100100111101101100101010000100001000011011000111000101000010100101010010101001100100110000000110100110010100001010110000011011000100100101011100011101010100010011000001010100010000001110110100010000
