011010010110100110010110100101101001011010010110011010010110100101101001011010011001011010010110100101101001011001101001011010011001011010010110011010010110100101101001011010011001011010010110100101101001011001101001011010010110100101101001100101101001011100101101001011001101001011010010110100101101001100101101001011010010110100101100110100101101001011010010110100110010110100101100110100101101001100101101001011010010110100101100110100101101001011010010110100110010110100101101001011010010110011010010110100
111111111111111100000000000000001111111111111111000000000000000011111111111111110000000000000000111111111111111100000000000000001111111111111111000000000000000011111111111111110000000000000000111111111111111100000000000000001111111111111111000000000000000000000000000000011111111111111110000000000000000111111111111111100000000000000001111111111111111000000000000000011111111111111110000000000000000111111111111111100000000000000001111111111111111000000000000000011111111111111110000000000000000111111111111111
110011001100110000110011001100110011001100110011110011001100110000110011001100111100110011001100110011001100110000110011001100110011001100110011110011001100110011001100110011000011001100110011110011001100110000110011001100110011001100110011110011001100110001100110011001111001100110011001100110011001100001100110011001111001100110011000011001100110011001100110011001111001100110011001100110011001100001100110011001100110011001100111100110011001100001100110011001111001100110011001100110011001100001100110011001
001100110011001111001100110011001100110011001100001100110011001111001100110011000011001100110011001100110011001111001100110011000011001100110011110011001100110011001100110011000011001100110011110011001100110000110011001100110011001100110011110011001100110110011001100110000110011001100110011001100110011110011001100110000110011001100111100110011001100110011001100110000110011001100111100110011001100001100110011001100110011001100111100110011001100001100110011001111001100110011001100110011001100001100110011001
001100110011001111001100110011001100110011001100001100110011001111001100110011000011001100110011001100110011001111001100110011000011001100110011110011001100110011001100110011000011001100110011110011001100110000110011001100110011001100110011110011001100110110011001100110000110011001100110011001100110011110011001100110000110011001100111100110011001100110011001100110000110011001100111100110011001100001100110011001100110011001100111100110011001100001100110011001111001100110011001100110011001100001100110011001
110011001100110011001100110011000011001100110011001100110011001100110011001100110011001100110011110011001100110011001100110011001100110011001100110011001100110000110011001100110011001100110011001100110011001100110011001100111100110011001100110011001100110001100110011001100110011001100111100110011001100110011001100110011001100110011001100110011001100001100110011001100110011001100110011001100110011001100110011001111001100110011001100110011001100110011001100110011001100110011000011001100110011001100110011001
110011001100110011001100110011000011001100110011001100110011001100110011001100110011001100110011110011001100110011001100110011001100110011001100110011001100110000110011001100110011001100110011001100110011001100110011001100111100110011001100110011001100110001100110011001100110011001100111100110011001100110011001100110011001100110011001100110011001100001100110011001100110011001100110011001100110011001100110011001111001100110011001100110011001100110011001100110011001100110011000011001100110011001100110011001
110011001100110011001100110011000011001100110011001100110011001100110011001100110011001100110011110011001100110011001100110011001100110011001100110011001100110000110011001100110011001100110011001100110011001100110011001100111100110011001100110011001100110001100110011001100110011001100111100110011001100110011001100110011001100110011001100110011001100001100110011001100110011001100110011001100110011001100110011001111001100110011001100110011001100110011001100110011001100110011000011001100110011001100110011001
000011111111000011110000000011110000111111110000111100000000111100001111111100001111000000001111000011111111000011110000000011111111000000001111000011111111000011110000000011110000111111110000111100000000111100001111111100001111000000001111000011111111000111100000000111100001111111100001111000000001111000011111111000011110000000011110000111111110000111100000000111100001111111100000000111111110000111100000000111100001111111100001111000000001111000011111111000011110000000011110000111111110000111100000000111
110011001100110011001100110011000011001100110011001100110011001100110011001100110011001100110011110011001100110011001100110011001100110011001100110011001100110000110011001100110011001100110011001100110011001100110011001100111100110011001100110011001100110001100110011001100110011001100111100110011001100110011001100110011001100110011001100110011001100001100110011001100110011001100110011001100110011001100110011001111001100110011001100110011001100110011001100110011001100110011000011001100110011001100110011001
110011001100110011001100110011000011001100110011001100110011001100110011001100110011001100110011110011001100110011001100110011001100110011001100110011001100110000110011001100110011001100110011001100110011001100110011001100111100110011001100110011001100110001100110011001100110011001100111100110011001100110011001100110011001100110011001100110011001100001100110011001100110011001100110011001100110011001100110011001111001100110011001100110011001100110011001100110011001100110011000011001100110011001100110011001
110011001100110011001100110011000011001100110011001100110011001100110011001100110011001100110011110011001100110011001100110011001100110011001100110011001100110000110011001100110011001100110011001100110011001100110011001100111100110011001100110011001100110001100110011001100110011001100111100110011001100110011001100110011001100110011001100110011001100001100110011001100110011001100110011001100110011001100110011001111001100110011001100110011001100110011001100110011001100110011000011001100110011001100110011001
110011001100110011001100110011000011001100110011001100110011001100110011001100110011001100110011110011001100110011001100110011001100110011001100110011001100110000110011001100110011001100110011001100110011001100110011001100111100110011001100110011001100110001100110011001100110011001100111100110011001100110011001100110011001100110011001100110011001100001100110011001100110011001100110011001100110011001100110011001111001100110011001100110011001100110011001100110011001100110011000011001100110011001100110011001
110011001100110000110011001100111100110011001100001100110011001111001100110011000011001100110011110011001100110000110011001100110011001100110011110011001100110000110011001100111100110011001100001100110011001111001100110011000011001100110011110011001100110001100110011001111001100110011000011001100110011110011001100110000110011001100111100110011001100001100110011001111001100110011001100110011001100001100110011001111001100110011000011001100110011110011001100110000110011001100111100110011001100001100110011001
001111001100001111000011001111000011110011000011110000110011110011000011001111000011110011000011110000110011110000111100110000111100001100111100001111001100001111000011001111000011110011000011001111001100001111000011001111000011110011000011110000110011110110000110011110000111100110000111100001100111100001111001100001100111100110000111100001100111100001111001100001111000011001111000011110011000011110000110011110000111100110000111100001100111100110000110011110000111100110000111100001100111100001111001100001
000011111111000011110000000011110000111111110000111100000000111100001111111100001111000000001111000011111111000011110000000011111111000000001111000011111111000011110000000011110000111111110000111100000000111100001111111100001111000000001111000011111111000111100000000111100001111111100001111000000001111000011111111000011110000000011110000111111110000111100000000111100001111111100000000111111110000111100000000111100001111111100001111000000001111000011111111000011110000000011110000111111110000111100000000111
001111000011110011000011110000110011110000111100110000111100001100111100001111001100001111000011001111000011110011000011110000111100001111000011001111000011110011000011110000110011110000111100110000111100001100111100001111001100001111000011001111000011110110000111100001100111100001111001100001111000011001111000011110011000011110000110011110000111100110000111100001100111100001111000011110000111100110000111100001100111100001111001100001111000011001111000011110011000011110000110011110000111100110000111100001
000011111111000011110000000011110000111111110000111100000000111100001111111100001111000000001111000011111111000011110000000011111111000000001111000011111111000011110000000011110000111111110000111100000000111100001111111100001111000000001111000011111111000111100000000111100001111111100001111000000001111000011111111000011110000000011110000111111110000111100000000111100001111111100000000111111110000111100000000111100001111111100001111000000001111000011111111000011110000000011110000111111110000111100000000111
001100111100110011001100001100110011001111001100110011000011001100110011110011001100110000110011001100111100110011001100001100111100110000110011001100111100110011001100001100110011001111001100110011000011001100110011110011001100110000110011001100111100110110011000011001100110011110011001100110000110011001100111100110011001100001100110011001111001100110011000011001100110011110011000011001111001100110011000011001100110011110011001100110000110011001100111100110011001100001100110011001111001100110011000011001
000011110000111111110000111100000000111100001111111100001111000000001111000011111111000011110000000011110000111111110000111100000000111100001111111100001111000000001111000011111111000011110000000011110000111111110000111100000000111100001111111100001111000111100001111000000001111000011111111000011110000000011110000111111110000111100000000111100001111111100001111000000001111000011111111000011110000000011110000111111110000111100000000111100001111111100001111000000001111000011111111000011110000000011110000111
111100001111000000001111000011111111000011110000000011110000111111110000111100000000111100001111111100001111000000001111000011110000111100001111111100001111000000001111000011111111000011110000000011110000111111110000111100000000111100001111111100001111000000011110000111111110000111100000000111100001111111100001111000000001111000011111111000011110000000011110000111111110000111100001111000011110000000011110000111111110000111100000000111100001111111100001111000000001111000011111111000011110000000011110000111
000011110000111111110000111100000000111100001111111100001111000000001111000011111111000011110000000011110000111111110000111100000000111100001111111100001111000000001111000011111111000011110000000011110000111111110000111100000000111100001111111100001111000111100001111000000001111000011111111000011110000000011110000111111110000111100000000111100001111111100001111000000001111000011111111000011110000000011110000111111110000111100000000111100001111111100001111000000001111000011111111000011110000000011110000111
000011110000111111110000111100000000111100001111111100001111000000001111000011111111000011110000000011110000111111110000111100000000111100001111111100001111000000001111000011111111000011110000000011110000111111110000111100000000111100001111111100001111000111100001111000000001111000011111111000011110000000011110000111111110000111100000000111100001111111100001111000000001111000011111111000011110000000011110000111111110000111100000000111100001111111100001111000000001111000011111111000011110000000011110000111
111111110000000000000000111111111111111100000000000000001111111100000000111111111111111100000000000000001111111111111111000000001111111100000000000000001111111111111111000000000000000011111111000000001111111111111111000000000000000011111111111111110000000000000001111111111111111000000000000000011111111111111110000000011111111000000000000000011111111111111110000000000000000111111110000000011111111111111110000000000000000111111111111111100000000111111110000000000000000111111111111111100000000000000001111111
000000000000000011111111111111110000000000000000111111111111111111111111111111110000000000000000111111111111111100000000000000000000000000000000111111111111111100000000000000001111111111111111111111111111111100000000000000001111111111111111000000000000000111111111111111100000000000000001111111111111111000000000000000000000000000000001111111111111111000000000000000011111111111111111111111111111111000000000000000011111111111111110000000000000000000000000000000011111111111111110000000000000000111111111111111
000011111111000011110000000011110000111111110000111100000000111100001111111100001111000000001111000011111111000011110000000011111111000000001111000011111111000011110000000011110000111111110000111100000000111100001111111100001111000000001111000011111111000111100000000111100001111111100001111000000001111000011111111000011110000000011110000111111110000111100000000111100001111111100000000111111110000111100000000111100001111111100001111000000001111000011111111000011110000000011110000111111110000111100000000111
111111110000000000000000111111111111111100000000000000001111111100000000111111111111111100000000000000001111111111111111000000001111111100000000000000001111111111111111000000000000000011111111000000001111111111111111000000000000000011111111111111110000000000000001111111111111111000000000000000011111111111111110000000011111111000000000000000011111111111111110000000000000000111111110000000011111111111111110000000000000000111111111111111100000000111111110000000000000000111111111111111100000000000000001111111
000011111111000011110000000011110000111111110000111100000000111111110000000011110000111111110000111100000000111100001111111100000000111111110000111100000000111100001111111100001111000000001111111100000000111100001111111100001111000000001111000011111111000111100000000111100001111111100001111000000001111000011111111000000001111111100001111000000001111000011111111000011110000000011111111000000001111000011111111000011110000000011110000111111110000000011111111000011110000000011110000111111110000111100000000111
111111110000000000000000111111111111111100000000000000001111111100000000111111111111111100000000000000001111111111111111000000001111111100000000000000001111111111111111000000000000000011111111000000001111111111111111000000000000000011111111111111110000000000000001111111111111111000000000000000011111111111111110000000011111111000000000000000011111111111111110000000000000000111111110000000011111111111111110000000000000000111111111111111100000000111111110000000000000000111111111111111100000000000000001111111
000000001111111111111111000000000000000011111111111111110000000011111111000000000000000011111111111111110000000000000000111111111111111100000000000000001111111111111111000000000000000011111111000000001111111111111111000000000000000011111111111111110000000111111110000000000000000111111111111111100000000000000001111111100000000111111111111111100000000000000001111111111111111000000000000000011111111111111110000000000000000111111111111111100000000111111110000000000000000111111111111111100000000000000001111111
111100001111000000001111000011111111000011110000000011110000111111110000111100000000111100001111111100001111000000001111000011110000111100001111111100001111000000001111000011111111000011110000000011110000111111110000111100000000111100001111111100001111000000011110000111111110000111100000000111100001111111100001111000000001111000011111111000011110000000011110000111111110000111100001111000011110000000011110000111111110000111100000000111100001111111100001111000000001111000011111111000011110000000011110000111
000000001111111111111111000000000000000011111111111111110000000011111111000000000000000011111111111111110000000000000000111111111111111100000000000000001111111111111111000000000000000011111111000000001111111111111111000000000000000011111111111111110000000111111110000000000000000111111111111111100000000000000001111111100000000111111111111111100000000000000001111111111111111000000000000000011111111111111110000000000000000111111111111111100000000111111110000000000000000111111111111111100000000000000001111111
111111111111111100000000000000001111111111111111000000000000000000000000000000001111111111111111000000000000000011111111111111110000000000000000111111111111111100000000000000001111111111111111111111111111111100000000000000001111111111111111000000000000000000000000000000011111111111111110000000000000000111111111111111111111111111111110000000000000000111111111111111100000000000000001111111111111111000000000000000011111111111111110000000000000000000000000000000011111111111111110000000000000000111111111111111
000000000000000011111111111111110000000000000000111111111111111111111111111111110000000000000000111111111111111100000000000000000000000000000000111111111111111100000000000000001111111111111111111111111111111100000000000000001111111111111111000000000000000111111111111111100000000000000001111111111111111000000000000000000000000000000001111111111111111000000000000000011111111111111111111111111111111000000000000000011111111111111110000000000000000000000000000000011111111111111110000000000000000111111111111111
000011110000111111110000111100001111000011110000000011110000111111110000111100000000111100001111000011110000111111110000111100000000111100001111111100001111000011110000111100000000111100001111111100001111000000001111000011110000111100001111111100001111000111100001111000000001111000011110000111100001111111100001111000000001111000011111111000011110000111100001111000000001111000011111111000011110000000011110000111100001111000011111111000011110000000011110000111111110000111100001111000011110000000011110000111
000011110000111111110000111100001111000011110000000011110000111111110000111100000000111100001111000011110000111111110000111100000000111100001111111100001111000011110000111100000000111100001111111100001111000000001111000011110000111100001111111100001111000111100001111000000001111000011110000111100001111111100001111000000001111000011111111000011110000111100001111000000001111000011111111000011110000000011110000111100001111000011111111000011110000000011110000111111110000111100001111000011110000000011110000111
111100001111000000001111000011111111000011110000000011110000111100001111000011111111000011110000000011110000111111110000111100001111000011110000000011110000111111110000111100000000111100001111000011110000111111110000111100000000111100001111111100001111000000011110000111111110000111100000000111100001111111100001111000011110000111100000000111100001111111100001111000000001111000011110000111100001111111100001111000000001111000011111111000011110000111100001111000000001111000011111111000011110000000011110000111
001100110011001111001100110011000011001100110011110011001100110011001100110011000011001100110011110011001100110000110011001100111100110011001100001100110011001111001100110011000011001100110011001100110011001111001100110011000011001100110011110011001100110110011001100110000110011001100111100110011001100001100110011001100110011001100111100110011001100001100110011001111001100110011000011001100110011110011001100110000110011001100111100110011001100110011001100110000110011001100111100110011001100001100110011001
111100001111000000001111000011111111000011110000000011110000111111110000111100000000111100001111111100001111000000001111000011110000111100001111111100001111000000001111000011111111000011110000000011110000111111110000111100000000111100001111111100001111000000011110000111111110000111100000000111100001111111100001111000000001111000011111111000011110000000011110000111111110000111100001111000011110000000011110000111111110000111100000000111100001111111100001111000000001111000011111111000011110000000011110000111
000000000000000011111111111111110000000000000000111111111111111111111111111111110000000000000000111111111111111100000000000000000000000000000000111111111111111100000000000000001111111111111111111111111111111100000000000000001111111111111111000000000000000111111111111111100000000000000001111111111111111000000000000000000000000000000001111111111111111000000000000000011111111111111111111111111111111000000000000000011111111111111110000000000000000000000000000000011111111111111110000000000000000111111111111111
111111111111111100000000000000001111111111111111000000000000000000000000000000001111111111111111000000000000000011111111111111110000000000000000111111111111111100000000000000001111111111111111111111111111111100000000000000001111111111111111000000000000000000000000000000011111111111111110000000000000000111111111111111111111111111111110000000000000000111111111111111100000000000000001111111111111111000000000000000011111111111111110000000000000000000000000000000011111111111111110000000000000000111111111111111
111111111111111100000000000000001111111111111111000000000000000000000000000000001111111111111111000000000000000011111111111111110000000000000000111111111111111100000000000000001111111111111111111111111111111100000000000000001111111111111111000000000000000000000000000000011111111111111110000000000000000111111111111111111111111111111110000000000000000111111111111111100000000000000001111111111111111000000000000000011111111111111110000000000000000000000000000000011111111111111110000000000000000111111111111111
110011001100110000110011001100111100110011001100001100110011001100110011001100111100110011001100001100110011001111001100110011001100110011001100001100110011001111001100110011000011001100110011001100110011001111001100110011000011001100110011110011001100110001100110011001111001100110011000011001100110011110011001100110011001100110011000011001100110011110011001100110000110011001100110011001100110011110011001100110000110011001100111100110011001100110011001100110000110011001100111100110011001100001100110011001
111111110000000000000000111111111111111100000000000000001111111100000000111111111111111100000000000000001111111111111111000000001111111100000000000000001111111111111111000000000000000011111111000000001111111111111111000000000000000011111111111111110000000000000001111111111111111000000000000000011111111111111110000000011111111000000000000000011111111111111110000000000000000111111110000000011111111111111110000000000000000111111111111111100000000111111110000000000000000111111111111111100000000000000001111111
000011111111000011110000000011110000111111110000111100000000111111110000000011110000111111110000111100000000111100001111111100000000111111110000111100000000111100001111111100001111000000001111111100000000111100001111111100001111000000001111000011111111000111100000000111100001111111100001111000000001111000011111111000000001111111100001111000000001111000011111111000011110000000011111111000000001111000011111111000011110000000011110000111111110000000011111111000011110000000011110000111111110000111100000000111
000000001111111111111111000000000000000011111111111111110000000011111111000000000000000011111111111111110000000000000000111111111111111100000000000000001111111111111111000000000000000011111111000000001111111111111111000000000000000011111111111111110000000111111110000000000000000111111111111111100000000000000001111111100000000111111111111111100000000000000001111111111111111000000000000000011111111111111110000000000000000111111111111111100000000111111110000000000000000111111111111111100000000000000001111111
111111110000000000000000111111111111111100000000000000001111111100000000111111111111111100000000000000001111111111111111000000001111111100000000000000001111111111111111000000000000000011111111000000001111111111111111000000000000000011111111111111110000000000000001111111111111111000000000000000011111111111111110000000011111111000000000000000011111111111111110000000000000000111111110000000011111111111111110000000000000000111111111111111100000000111111110000000000000000111111111111111100000000000000001111111
111100001111000000001111000011111111000011110000000011110000111100001111000011111111000011110000000011110000111111110000111100001111000011110000000011110000111111110000111100000000111100001111000011110000111111110000111100000000111100001111111100001111000000011110000111111110000111100000000111100001111111100001111000011110000111100000000111100001111111100001111000000001111000011110000111100001111111100001111000000001111000011111111000011110000111100001111000000001111000011111111000011110000000011110000111
000011110000111111110000111100001111000011110000000011110000111111110000111100000000111100001111000011110000111111110000111100000000111100001111111100001111000011110000111100000000111100001111111100001111000000001111000011110000111100001111111100001111000111100001111000000001111000011110000111100001111111100001111000000001111000011111111000011110000111100001111000000001111000011111111000011110000000011110000111100001111000011111111000011110000000011110000111111110000111100001111000011110000000011110000111
111111110000000011111111000000000000000011111111000000001111111100000000111111110000000011111111111111110000000011111111000000001111111100000000111111110000000000000000111111110000000011111111000000001111111100000000111111111111111100000000111111110000000000000001111111100000000111111111111111100000000111111110000000011111111000000001111111100000000000000001111111100000000111111110000000011111111000000001111111111111111000000001111111100000000111111110000000011111111000000000000000011111111000000001111111
111111110000000011111111000000000000000011111111000000001111111100000000111111110000000011111111111111110000000011111111000000001111111100000000111111110000000000000000111111110000000011111111000000001111111100000000111111111111111100000000111111110000000000000001111111100000000111111111111111100000000111111110000000011111111000000001111111100000000000000001111111100000000111111110000000011111111000000001111111111111111000000001111111100000000111111110000000011111111000000000000000011111111000000001111111
000011110000111111110000111100001111000011110000000011110000111111110000111100000000111100001111000011110000111111110000111100000000111100001111111100001111000011110000111100000000111100001111111100001111000000001111000011110000111100001111111100001111000111100001111000000001111000011110000111100001111111100001111000000001111000011111111000011110000111100001111000000001111000011111111000011110000000011110000111100001111000011111111000011110000000011110000111111110000111100001111000011110000000011110000111
111111110000000000000000111111111111111100000000000000001111111100000000111111111111111100000000000000001111111111111111000000001111111100000000000000001111111111111111000000000000000011111111000000001111111111111111000000000000000011111111111111110000000000000001111111111111111000000000000000011111111111111110000000011111111000000000000000011111111111111110000000000000000111111110000000011111111111111110000000000000000111111111111111100000000111111110000000000000000111111111111111100000000000000001111111
000011110000111111110000111100001111000011110000000011110000111111110000111100000000111100001111000011110000111111110000111100000000111100001111111100001111000011110000111100000000111100001111111100001111000000001111000011110000111100001111111100001111000111100001111000000001111000011110000111100001111111100001111000000001111000011111111000011110000111100001111000000001111000011111111000011110000000011110000111100001111000011111111000011110000000011110000111111110000111100001111000011110000000011110000111
000000001111111100000000111111110000000011111111000000001111111111111111000000001111111100000000111111110000000011111111000000000000000011111111000000001111111100000000111111110000000011111111111111110000000011111111000000001111111100000000111111110000000111111110000000011111111000000001111111100000000111111110000000000000000111111110000000011111111000000001111111100000000111111111111111100000000111111110000000011111111000000001111111100000000000000001111111100000000111111110000000011111111000000001111111
000000001111111111111111000000000000000011111111111111110000000011111111000000000000000011111111111111110000000000000000111111111111111100000000000000001111111111111111000000000000000011111111000000001111111111111111000000000000000011111111111111110000000111111110000000000000000111111111111111100000000000000001111111100000000111111111111111100000000000000001111111111111111000000000000000011111111111111110000000000000000111111111111111100000000111111110000000000000000111111111111111100000000000000001111111
111111110000000000000000111111111111111100000000000000001111111100000000111111111111111100000000000000001111111111111111000000001111111100000000000000001111111111111111000000000000000011111111000000001111111111111111000000000000000011111111111111110000000000000001111111111111111000000000000000011111111111111110000000011111111000000000000000011111111111111110000000000000000111111110000000011111111111111110000000000000000111111111111111100000000111111110000000000000000111111111111111100000000000000001111111
111111110000000000000000111111111111111100000000000000001111111100000000111111111111111100000000000000001111111111111111000000001111111100000000000000001111111111111111000000000000000011111111000000001111111111111111000000000000000011111111111111110000000000000001111111111111111000000000000000011111111111111110000000011111111000000000000000011111111111111110000000000000000111111110000000011111111111111110000000000000000111111111111111100000000111111110000000000000000111111111111111100000000000000001111111
111111110000000000000000111111111111111100000000000000001111111100000000111111111111111100000000000000001111111111111111000000001111111100000000000000001111111111111111000000000000000011111111000000001111111111111111000000000000000011111111111111110000000000000001111111111111111000000000000000011111111111111110000000011111111000000000000000011111111111111110000000000000000111111110000000011111111111111110000000000000000111111111111111100000000111111110000000000000000111111111111111100000000000000001111111
000000001111111100000000111111110000000011111111000000001111111111111111000000001111111100000000111111110000000011111111000000000000000011111111000000001111111100000000111111110000000011111111111111110000000011111111000000001111111100000000111111110000000111111110000000011111111000000001111111100000000111111110000000000000000111111110000000011111111000000001111111100000000111111111111111100000000111111110000000011111111000000001111111100000000000000001111111100000000111111110000000011111111000000001111111
000011110000111111110000111100001111000011110000000011110000111111110000111100000000111100001111000011110000111111110000111100000000111100001111111100001111000011110000111100000000111100001111111100001111000000001111000011110000111100001111111100001111000111100001111000000001111000011110000111100001111111100001111000000001111000011111111000011110000111100001111000000001111000011111111000011110000000011110000111100001111000011111111000011110000000011110000111111110000111100001111000011110000000011110000111
111111110000000000000000111111111111111100000000000000001111111100000000111111111111111100000000000000001111111111111111000000001111111100000000000000001111111111111111000000000000000011111111000000001111111111111111000000000000000011111111111111110000000000000001111111111111111000000000000000011111111111111110000000011111111000000000000000011111111111111110000000000000000111111110000000011111111111111110000000000000000111111111111111100000000111111110000000000000000111111111111111100000000000000001111111
111111110000000011111111000000000000000011111111000000001111111100000000111111110000000011111111111111110000000011111111000000001111111100000000111111110000000000000000111111110000000011111111000000001111111100000000111111111111111100000000111111110000000000000001111111100000000111111111111111100000000111111110000000011111111000000001111111100000000000000001111111100000000111111110000000011111111000000001111111111111111000000001111111100000000111111110000000011111111000000000000000011111111000000001111111
111111110000000000000000111111111111111100000000000000001111111100000000111111111111111100000000000000001111111111111111000000001111111100000000000000001111111111111111000000000000000011111111000000001111111111111111000000000000000011111111111111110000000000000001111111111111111000000000000000011111111111111110000000011111111000000000000000011111111111111110000000000000000111111110000000011111111111111110000000000000000111111111111111100000000111111110000000000000000111111111111111100000000000000001111111
111111110000000000000000111111111111111100000000000000001111111100000000111111111111111100000000000000001111111111111111000000001111111100000000000000001111111111111111000000000000000011111111000000001111111111111111000000000000000011111111111111110000000000000001111111111111111000000000000000011111111111111110000000011111111000000000000000011111111111111110000000000000000111111110000000011111111111111110000000000000000111111111111111100000000111111110000000000000000111111111111111100000000000000001111111
111111110000000011111111000000001111111100000000111111110000000011111111000000001111111100000000111111110000000011111111000000001111111100000000111111110000000011111111000000001111111100000000111111110000000011111111000000001111111100000000111111110000000000000001111111100000000111111110000000011111111000000001111111100000000111111110000000011111111000000001111111100000000111111110000000011111111000000001111111100000000111111110000000011111111000000001111111100000000111111110000000011111111000000001111111
111111110000000011111111000000001111111100000000111111110000000011111111000000001111111100000000111111110000000011111111000000001111111100000000111111110000000011111111000000001111111100000000111111110000000011111111000000001111111100000000111111110000000000000001111111100000000111111110000000011111111000000001111111100000000111111110000000011111111000000001111111100000000111111110000000011111111000000001111111100000000111111110000000011111111000000001111111100000000111111110000000011111111000000001111111
111111110000000011111111000000000000000011111111000000001111111100000000111111110000000011111111111111110000000011111111000000001111111100000000111111110000000000000000111111110000000011111111000000001111111100000000111111111111111100000000111111110000000000000001111111100000000111111111111111100000000111111110000000011111111000000001111111100000000000000001111111100000000111111110000000011111111000000001111111111111111000000001111111100000000111111110000000011111111000000000000000011111111000000001111111
000011110000111111110000111100001111000011110000000011110000111111110000111100000000111100001111000011110000111111110000111100000000111100001111111100001111000011110000111100000000111100001111111100001111000000001111000011110000111100001111111100001111000111100001111000000001111000011110000111100001111111100001111000000001111000011111111000011110000111100001111000000001111000011111111000011110000000011110000111100001111000011111111000011110000000011110000111111110000111100001111000011110000000011110000111
111111110000000011111111000000000000000011111111000000001111111100000000111111110000000011111111111111110000000011111111000000001111111100000000111111110000000000000000111111110000000011111111000000001111111100000000111111111111111100000000111111110000000000000001111111100000000111111111111111100000000111111110000000011111111000000001111111100000000000000001111111100000000111111110000000011111111000000001111111111111111000000001111111100000000111111110000000011111111000000000000000011111111000000001111111
111111110000000011111111000000000000000011111111000000001111111100000000111111110000000011111111111111110000000011111111000000001111111100000000111111110000000000000000111111110000000011111111000000001111111100000000111111111111111100000000111111110000000000000001111111100000000111111111111111100000000111111110000000011111111000000001111111100000000000000001111111100000000111111110000000011111111000000001111111111111111000000001111111100000000111111110000000011111111000000000000000011111111000000001111111
111100001111000000001111000011111111000011110000000011110000111100001111000011111111000011110000000011110000111111110000111100001111000011110000000011110000111111110000111100000000111100001111000011110000111111110000111100000000111100001111111100001111000000011110000111111110000111100000000111100001111111100001111000011110000111100000000111100001111111100001111000000001111000011110000111100001111111100001111000000001111000011111111000011110000111100001111000000001111000011111111000011110000000011110000111
000011110000111111110000111100000000111100001111111100001111000000001111000011111111000011110000000011110000111111110000111100000000111100001111111100001111000000001111000011111111000011110000000011110000111111110000111100000000111100001111111100001111000111100001111000000001111000011111111000011110000000011110000111111110000111100000000111100001111111100001111000000001111000011111111000011110000000011110000111111110000111100000000111100001111111100001111000000001111000011111111000011110000000011110000111
000000000000000000000000000000001111111111111111111111111111111111111111111111111111111111111111000000000000000000000000000000000000000000000000000000000000000011111111111111111111111111111111111111111111111111111111111111110000000000000000000000000000000111111111111111111111111111111110000000000000000000000000000000000000000000000000000000000000000111111111111111111111111111111111111111111111111111111111111111100000000000000000000000000000000000000000000000000000000000000001111111111111111111111111111111
000000000000000000000000000000001111111111111111111111111111111111111111111111111111111111111111000000000000000000000000000000000000000000000000000000000000000011111111111111111111111111111111111111111111111111111111111111110000000000000000000000000000000111111111111111111111111111111110000000000000000000000000000000000000000000000000000000000000000111111111111111111111111111111111111111111111111111111111111111100000000000000000000000000000000000000000000000000000000000000001111111111111111111111111111111
000000000000000000000000000000001111111111111111111111111111111111111111111111111111111111111111000000000000000000000000000000000000000000000000000000000000000011111111111111111111111111111111111111111111111111111111111111110000000000000000000000000000000111111111111111111111111111111110000000000000000000000000000000000000000000000000000000000000000111111111111111111111111111111111111111111111111111111111111111100000000000000000000000000000000000000000000000000000000000000001111111111111111111111111111111
000000000000000000000000000000001111111111111111111111111111111111111111111111111111111111111111000000000000000000000000000000000000000000000000000000000000000011111111111111111111111111111111111111111111111111111111111111110000000000000000000000000000000111111111111111111111111111111110000000000000000000000000000000000000000000000000000000000000000111111111111111111111111111111111111111111111111111111111111111100000000000000000000000000000000000000000000000000000000000000001111111111111111111111111111111
000000000000000011111111111111110000000000000000111111111111111111111111111111110000000000000000111111111111111100000000000000000000000000000000111111111111111100000000000000001111111111111111111111111111111100000000000000001111111111111111000000000000000111111111111111100000000000000001111111111111111000000000000000000000000000000001111111111111111000000000000000011111111111111111111111111111111000000000000000011111111111111110000000000000000000000000000000011111111111111110000000000000000111111111111111
000011111111000011110000000011110000111111110000111100000000111111110000000011110000111111110000111100000000111100001111111100000000111111110000111100000000111100001111111100001111000000001111111100000000111100001111111100001111000000001111000011111111000111100000000111100001111111100001111000000001111000011111111000000001111111100001111000000001111000011111111000011110000000011111111000000001111000011111111000011110000000011110000111111110000000011111111000011110000000011110000111111110000111100000000111
111111110000000000000000111111111111111100000000000000001111111100000000111111111111111100000000000000001111111111111111000000001111111100000000000000001111111111111111000000000000000011111111000000001111111111111111000000000000000011111111111111110000000000000001111111111111111000000000000000011111111111111110000000011111111000000000000000011111111111111110000000000000000111111110000000011111111111111110000000000000000111111111111111100000000111111110000000000000000111111111111111100000000000000001111111
000011111111000011110000000011110000111111110000111100000000111111110000000011110000111111110000111100000000111100001111111100000000111111110000111100000000111100001111111100001111000000001111111100000000111100001111111100001111000000001111000011111111000111100000000111100001111111100001111000000001111000011111111000000001111111100001111000000001111000011111111000011110000000011111111000000001111000011111111000011110000000011110000111111110000000011111111000011110000000011110000111111110000111100000000111
000000000000000011111111111111110000000000000000111111111111111111111111111111110000000000000000111111111111111100000000000000000000000000000000111111111111111100000000000000001111111111111111111111111111111100000000000000001111111111111111000000000000000111111111111111100000000000000001111111111111111000000000000000000000000000000001111111111111111000000000000000011111111111111111111111111111111000000000000000011111111111111110000000000000000000000000000000011111111111111110000000000000000111111111111111
111111111111111100000000000000001111111111111111000000000000000011111111111111110000000000000000111111111111111100000000000000001111111111111111000000000000000011111111111111110000000000000000111111111111111100000000000000001111111111111111000000000000000000000000000000011111111111111110000000000000000111111111111111100000000000000001111111111111111000000000000000011111111111111110000000000000000111111111111111100000000000000001111111111111111000000000000000011111111111111110000000000000000111111111111111
000000001111111111111111000000000000000011111111111111110000000000000000111111111111111100000000000000001111111111111111000000000000000011111111111111110000000000000000111111111111111100000000000000001111111111111111000000000000000011111111111111110000000111111110000000000000000111111111111111100000000000000001111111111111111000000000000000011111111111111110000000000000000111111111111111100000000000000001111111111111111000000000000000011111111111111110000000000000000111111111111111100000000000000001111111
111111111111111100000000000000001111111111111111000000000000000011111111111111110000000000000000111111111111111100000000000000001111111111111111000000000000000011111111111111110000000000000000111111111111111100000000000000001111111111111111000000000000000000000000000000011111111111111110000000000000000111111111111111100000000000000001111111111111111000000000000000011111111111111110000000000000000111111111111111100000000000000001111111111111111000000000000000011111111111111110000000000000000111111111111111
000000000000000011111111111111110000000000000000111111111111111111111111111111110000000000000000111111111111111100000000000000000000000000000000111111111111111100000000000000001111111111111111111111111111111100000000000000001111111111111111000000000000000111111111111111100000000000000001111111111111111000000000000000000000000000000001111111111111111000000000000000011111111111111111111111111111111000000000000000011111111111111110000000000000000000000000000000011111111111111110000000000000000111111111111111
111111110000000000000000111111111111111100000000000000001111111100000000111111111111111100000000000000001111111111111111000000001111111100000000000000001111111111111111000000000000000011111111000000001111111111111111000000000000000011111111111111110000000000000001111111111111111000000000000000011111111111111110000000011111111000000000000000011111111111111110000000000000000111111110000000011111111111111110000000000000000111111111111111100000000111111110000000000000000111111111111111100000000000000001111111
111111110000000000000000111111111111111100000000000000001111111100000000111111111111111100000000000000001111111111111111000000001111111100000000000000001111111111111111000000000000000011111111000000001111111111111111000000000000000011111111111111110000000000000001111111111111111000000000000000011111111111111110000000011111111000000000000000011111111111111110000000000000000111111110000000011111111111111110000000000000000111111111111111100000000111111110000000000000000111111111111111100000000000000001111111
000000000000000000000000000000001111111111111111111111111111111111111111111111111111111111111111000000000000000000000000000000000000000000000000000000000000000011111111111111111111111111111111111111111111111111111111111111110000000000000000000000000000000111111111111111111111111111111110000000000000000000000000000000000000000000000000000000000000000111111111111111111111111111111111111111111111111111111111111111100000000000000000000000000000000000000000000000000000000000000001111111111111111111111111111111
000000000000000000000000000000001111111111111111111111111111111111111111111111111111111111111111000000000000000000000000000000000000000000000000000000000000000011111111111111111111111111111111111111111111111111111111111111110000000000000000000000000000000111111111111111111111111111111110000000000000000000000000000000000000000000000000000000000000000111111111111111111111111111111111111111111111111111111111111111100000000000000000000000000000000000000000000000000000000000000001111111111111111111111111111111
000000000000000000000000000000001111111111111111111111111111111111111111111111111111111111111111000000000000000000000000000000000000000000000000000000000000000011111111111111111111111111111111111111111111111111111111111111110000000000000000000000000000000111111111111111111111111111111110000000000000000000000000000000000000000000000000000000000000000111111111111111111111111111111111111111111111111111111111111111100000000000000000000000000000000000000000000000000000000000000001111111111111111111111111111111
000000000000000000000000000000001111111111111111111111111111111111111111111111111111111111111111000000000000000000000000000000000000000000000000000000000000000011111111111111111111111111111111111111111111111111111111111111110000000000000000000000000000000111111111111111111111111111111110000000000000000000000000000000000000000000000000000000000000000111111111111111111111111111111111111111111111111111111111111111100000000000000000000000000000000000000000000000000000000000000001111111111111111111111111111111
000000000000000000000000000000001111111111111111111111111111111111111111111111111111111111111111000000000000000000000000000000000000000000000000000000000000000011111111111111111111111111111111111111111111111111111111111111110000000000000000000000000000000111111111111111111111111111111110000000000000000000000000000000000000000000000000000000000000000111111111111111111111111111111111111111111111111111111111111111100000000000000000000000000000000000000000000000000000000000000001111111111111111111111111111111
000000001111111111111111000000000000000011111111111111110000000000000000111111111111111100000000000000001111111111111111000000000000000011111111111111110000000000000000111111111111111100000000000000001111111111111111000000000000000011111111111111110000000111111110000000000000000111111111111111100000000000000001111111111111111000000000000000011111111111111110000000000000000111111111111111100000000000000001111111111111111000000000000000011111111111111110000000000000000111111111111111100000000000000001111111
111100000000111100001111111100001111000000001111000011111111000011110000000011110000111111110000111100000000111100001111111100001111000000001111000011111111000011110000000011110000111111110000111100000000111100001111111100001111000000001111000011111111000000011111111000011110000000011110000111111110000111100000000111100001111111100001111000000001111000011111111000011110000000011110000111111110000111100000000111100001111111100001111000000001111000011111111000011110000000011110000111111110000111100000000111
111111111111111100000000000000001111111111111111000000000000000011111111111111110000000000000000111111111111111100000000000000001111111111111111000000000000000011111111111111110000000000000000111111111111111100000000000000001111111111111111000000000000000000000000000000011111111111111110000000000000000111111111111111100000000000000001111111111111111000000000000000011111111111111110000000000000000111111111111111100000000000000001111111111111111000000000000000011111111111111110000000000000000111111111111111
000000001111111111111111000000000000000011111111111111110000000000000000111111111111111100000000000000001111111111111111000000000000000011111111111111110000000000000000111111111111111100000000000000001111111111111111000000000000000011111111111111110000000111111110000000000000000111111111111111100000000000000001111111111111111000000000000000011111111111111110000000000000000111111111111111100000000000000001111111111111111000000000000000011111111111111110000000000000000111111111111111100000000000000001111111
000000001111111111111111000000000000000011111111111111110000000000000000111111111111111100000000000000001111111111111111000000000000000011111111111111110000000000000000111111111111111100000000000000001111111111111111000000000000000011111111111111110000000111111110000000000000000111111111111111100000000000000001111111111111111000000000000000011111111111111110000000000000000111111111111111100000000000000001111111111111111000000000000000011111111111111110000000000000000111111111111111100000000000000001111111
000000001111111111111111000000000000000011111111111111110000000000000000111111111111111100000000000000001111111111111111000000000000000011111111111111110000000000000000111111111111111100000000000000001111111111111111000000000000000011111111111111110000000111111110000000000000000111111111111111100000000000000001111111111111111000000000000000011111111111111110000000000000000111111111111111100000000000000001111111111111111000000000000000011111111111111110000000000000000111111111111111100000000000000001111111
111111111111111100000000000000001111111111111111000000000000000011111111111111110000000000000000111111111111111100000000000000001111111111111111000000000000000011111111111111110000000000000000111111111111111100000000000000001111111111111111000000000000000000000000000000011111111111111110000000000000000111111111111111100000000000000001111111111111111000000000000000011111111111111110000000000000000111111111111111100000000000000001111111111111111000000000000000011111111111111110000000000000000111111111111111
000000001111111111111111000000000000000011111111111111110000000000000000111111111111111100000000000000001111111111111111000000000000000011111111111111110000000000000000111111111111111100000000000000001111111111111111000000000000000011111111111111110000000111111110000000000000000111111111111111100000000000000001111111111111111000000000000000011111111111111110000000000000000111111111111111100000000000000001111111111111111000000000000000011111111111111110000000000000000111111111111111100000000000000001111111
000011110000111111110000111100000000111100001111111100001111000000001111000011111111000011110000000011110000111111110000111100000000111100001111111100001111000000001111000011111111000011110000000011110000111111110000111100000000111100001111111100001111000111100001111000000001111000011111111000011110000000011110000111111110000111100000000111100001111111100001111000000001111000011111111000011110000000011110000111111110000111100000000111100001111111100001111000000001111000011111111000011110000000011110000111
111111111111111100000000000000001111111111111111000000000000000011111111111111110000000000000000111111111111111100000000000000001111111111111111000000000000000011111111111111110000000000000000111111111111111100000000000000001111111111111111000000000000000000000000000000011111111111111110000000000000000111111111111111100000000000000001111111111111111000000000000000011111111111111110000000000000000111111111111111100000000000000001111111111111111000000000000000011111111111111110000000000000000111111111111111
000000001111111111111111000000000000000011111111111111110000000000000000111111111111111100000000000000001111111111111111000000000000000011111111111111110000000000000000111111111111111100000000000000001111111111111111000000000000000011111111111111110000000111111110000000000000000111111111111111100000000000000001111111111111111000000000000000011111111111111110000000000000000111111111111111100000000000000001111111111111111000000000000000011111111111111110000000000000000111111111111111100000000000000001111111
000011110000111111110000111100001111000011110000000011110000111111110000111100000000111100001111000011110000111111110000111100000000111100001111111100001111000011110000111100000000111100001111111100001111000000001111000011110000111100001111111100001111000111100001111000000001111000011110000111100001111111100001111000000001111000011111111000011110000111100001111000000001111000011111111000011110000000011110000111100001111000011111111000011110000000011110000111111110000111100001111000011110000000011110000111
111111111111111100000000000000001111111111111111000000000000000011111111111111110000000000000000111111111111111100000000000000001111111111111111000000000000000011111111111111110000000000000000111111111111111100000000000000001111111111111111000000000000000000000000000000011111111111111110000000000000000111111111111111100000000000000001111111111111111000000000000000011111111111111110000000000000000111111111111111100000000000000001111111111111111000000000000000011111111111111110000000000000000111111111111111
000011110000111111110000111100001111000011110000000011110000111111110000111100000000111100001111000011110000111111110000111100000000111100001111111100001111000011110000111100000000111100001111111100001111000000001111000011110000111100001111111100001111000111100001111000000001111000011110000111100001111111100001111000000001111000011111111000011110000111100001111000000001111000011111111000011110000000011110000111100001111000011111111000011110000000011110000111111110000111100001111000011110000000011110000111
000000000000000000000000000000001111111111111111111111111111111111111111111111111111111111111111000000000000000000000000000000000000000000000000000000000000000011111111111111111111111111111111111111111111111111111111111111110000000000000000000000000000000111111111111111111111111111111110000000000000000000000000000000000000000000000000000000000000000111111111111111111111111111111111111111111111111111111111111111100000000000000000000000000000000000000000000000000000000000000001111111111111111111111111111111
000000000000000000000000000000001111111111111111111111111111111111111111111111111111111111111111000000000000000000000000000000000000000000000000000000000000000011111111111111111111111111111111111111111111111111111111111111110000000000000000000000000000000111111111111111111111111111111110000000000000000000000000000000000000000000000000000000000000000111111111111111111111111111111111111111111111111111111111111111100000000000000000000000000000000000000000000000000000000000000001111111111111111111111111111111
000000000000000000000000000000001111111111111111111111111111111111111111111111111111111111111111000000000000000000000000000000000000000000000000000000000000000011111111111111111111111111111111111111111111111111111111111111110000000000000000000000000000000111111111111111111111111111111110000000000000000000000000000000000000000000000000000000000000000111111111111111111111111111111111111111111111111111111111111111100000000000000000000000000000000000000000000000000000000000000001111111111111111111111111111111
000011110000111111110000111100001111000011110000000011110000111111110000111100000000111100001111000011110000111111110000111100000000111100001111111100001111000011110000111100000000111100001111111100001111000000001111000011110000111100001111111100001111000111100001111000000001111000011110000111100001111111100001111000000001111000011111111000011110000111100001111000000001111000011111111000011110000000011110000111100001111000011111111000011110000000011110000111111110000111100001111000011110000000011110000111
111111111111111100000000000000000000000000000000111111111111111100000000000000001111111111111111111111111111111100000000000000001111111111111111000000000000000000000000000000001111111111111111000000000000000011111111111111111111111111111111000000000000000000000000000000011111111111111111111111111111111000000000000000011111111111111110000000000000000000000000000000011111111111111110000000000000000111111111111111111111111111111110000000000000000111111111111111100000000000000000000000000000000111111111111111
000011110000111111110000111100001111000011110000000011110000111111110000111100000000111100001111000011110000111111110000111100000000111100001111111100001111000011110000111100000000111100001111111100001111000000001111000011110000111100001111111100001111000111100001111000000001111000011110000111100001111111100001111000000001111000011111111000011110000111100001111000000001111000011111111000011110000000011110000111100001111000011111111000011110000000011110000111111110000111100001111000011110000000011110000111
000011110000111111110000111100001111000011110000000011110000111111110000111100000000111100001111000011110000111111110000111100000000111100001111111100001111000011110000111100000000111100001111111100001111000000001111000011110000111100001111111100001111000111100001111000000001111000011110000111100001111111100001111000000001111000011111111000011110000111100001111000000001111000011111111000011110000000011110000111100001111000011111111000011110000000011110000111111110000111100001111000011110000000011110000111
000011110000111111110000111100001111000011110000000011110000111111110000111100000000111100001111000011110000111111110000111100000000111100001111111100001111000011110000111100000000111100001111111100001111000000001111000011110000111100001111111100001111000111100001111000000001111000011110000111100001111111100001111000000001111000011111111000011110000111100001111000000001111000011111111000011110000000011110000111100001111000011111111000011110000000011110000111111110000111100001111000011110000000011110000111
000000000000000000000000000000001111111111111111111111111111111111111111111111111111111111111111000000000000000000000000000000000000000000000000000000000000000011111111111111111111111111111111111111111111111111111111111111110000000000000000000000000000000111111111111111111111111111111110000000000000000000000000000000000000000000000000000000000000000111111111111111111111111111111111111111111111111111111111111111100000000000000000000000000000000000000000000000000000000000000001111111111111111111111111111111
000000000000000000000000000000001111111111111111111111111111111111111111111111111111111111111111000000000000000000000000000000000000000000000000000000000000000011111111111111111111111111111111111111111111111111111111111111110000000000000000000000000000000111111111111111111111111111111110000000000000000000000000000000000000000000000000000000000000000111111111111111111111111111111111111111111111111111111111111111100000000000000000000000000000000000000000000000000000000000000001111111111111111111111111111111
000000000000000000000000000000001111111111111111111111111111111111111111111111111111111111111111000000000000000000000000000000000000000000000000000000000000000011111111111111111111111111111111111111111111111111111111111111110000000000000000000000000000000111111111111111111111111111111110000000000000000000000000000000000000000000000000000000000000000111111111111111111111111111111111111111111111111111111111111111100000000000000000000000000000000000000000000000000000000000000001111111111111111111111111111111
000000000000000000000000000000001111111111111111111111111111111111111111111111111111111111111111000000000000000000000000000000000000000000000000000000000000000011111111111111111111111111111111111111111111111111111111111111110000000000000000000000000000000111111111111111111111111111111110000000000000000000000000000000000000000000000000000000000000000111111111111111111111111111111111111111111111111111111111111111100000000000000000000000000000000000000000000000000000000000000001111111111111111111111111111111
000000000000000000000000000000001111111111111111111111111111111111111111111111111111111111111111000000000000000000000000000000000000000000000000000000000000000011111111111111111111111111111111111111111111111111111111111111110000000000000000000000000000000111111111111111111111111111111110000000000000000000000000000000000000000000000000000000000000000111111111111111111111111111111111111111111111111111111111111111100000000000000000000000000000000000000000000000000000000000000001111111111111111111111111111111
111111111111111100000000000000001111111111111111000000000000000011111111111111110000000000000000111111111111111100000000000000001111111111111111000000000000000011111111111111110000000000000000111111111111111100000000000000001111111111111111000000000000000000000000000000011111111111111110000000000000000111111111111111100000000000000001111111111111111000000000000000011111111111111110000000000000000111111111111111100000000000000001111111111111111000000000000000011111111111111110000000000000000111111111111111
111111111111111100000000000000001111111111111111000000000000000011111111111111110000000000000000111111111111111100000000000000001111111111111111000000000000000011111111111111110000000000000000111111111111111100000000000000001111111111111111000000000000000000000000000000011111111111111110000000000000000111111111111111100000000000000001111111111111111000000000000000011111111111111110000000000000000111111111111111100000000000000001111111111111111000000000000000011111111111111110000000000000000111111111111111
000000001111111111111111000000000000000011111111111111110000000000000000111111111111111100000000000000001111111111111111000000000000000011111111111111110000000000000000111111111111111100000000000000001111111111111111000000000000000011111111111111110000000111111110000000000000000111111111111111100000000000000001111111111111111000000000000000011111111111111110000000000000000111111111111111100000000000000001111111111111111000000000000000011111111111111110000000000000000111111111111111100000000000000001111111
111111111111111100000000000000001111111111111111000000000000000011111111111111110000000000000000111111111111111100000000000000001111111111111111000000000000000011111111111111110000000000000000111111111111111100000000000000001111111111111111000000000000000000000000000000011111111111111110000000000000000111111111111111100000000000000001111111111111111000000000000000011111111111111110000000000000000111111111111111100000000000000001111111111111111000000000000000011111111111111110000000000000000111111111111111
000011110000111111110000111100000000111100001111111100001111000000001111000011111111000011110000000011110000111111110000111100000000111100001111111100001111000000001111000011111111000011110000000011110000111111110000111100000000111100001111111100001111000111100001111000000001111000011111111000011110000000011110000111111110000111100000000111100001111111100001111000000001111000011111111000011110000000011110000111111110000111100000000111100001111111100001111000000001111000011111111000011110000000011110000111
000011110000111111110000111100000000111100001111111100001111000000001111000011111111000011110000000011110000111111110000111100000000111100001111111100001111000000001111000011111111000011110000000011110000111111110000111100000000111100001111111100001111000111100001111000000001111000011111111000011110000000011110000111111110000111100000000111100001111111100001111000000001111000011111111000011110000000011110000111111110000111100000000111100001111111100001111000000001111000011111111000011110000000011110000111
000011110000111111110000111100000000111100001111111100001111000000001111000011111111000011110000000011110000111111110000111100000000111100001111111100001111000000001111000011111111000011110000000011110000111111110000111100000000111100001111111100001111000111100001111000000001111000011111111000011110000000011110000111111110000111100000000111100001111111100001111000000001111000011111111000011110000000011110000111111110000111100000000111100001111111100001111000000001111000011111111000011110000000011110000111
111111111111111100000000000000001111111111111111000000000000000011111111111111110000000000000000111111111111111100000000000000001111111111111111000000000000000011111111111111110000000000000000111111111111111100000000000000001111111111111111000000000000000000000000000000011111111111111110000000000000000111111111111111100000000000000001111111111111111000000000000000011111111111111110000000000000000111111111111111100000000000000001111111111111111000000000000000011111111111111110000000000000000111111111111111
111111111111111100000000000000001111111111111111000000000000000011111111111111110000000000000000111111111111111100000000000000001111111111111111000000000000000011111111111111110000000000000000111111111111111100000000000000001111111111111111000000000000000000000000000000011111111111111110000000000000000111111111111111100000000000000001111111111111111000000000000000011111111111111110000000000000000111111111111111100000000000000001111111111111111000000000000000011111111111111110000000000000000111111111111111
111111111111111100000000000000001111111111111111000000000000000011111111111111110000000000000000111111111111111100000000000000001111111111111111000000000000000011111111111111110000000000000000111111111111111100000000000000001111111111111111000000000000000000000000000000011111111111111110000000000000000111111111111111100000000000000001111111111111111000000000000000011111111111111110000000000000000111111111111111100000000000000001111111111111111000000000000000011111111111111110000000000000000111111111111111
000011110000111111110000111100000000111100001111111100001111000000001111000011111111000011110000000011110000111111110000111100000000111100001111111100001111000000001111000011111111000011110000000011110000111111110000111100000000111100001111111100001111000111100001111000000001111000011111111000011110000000011110000111111110000111100000000111100001111111100001111000000001111000011111111000011110000000011110000111111110000111100000000111100001111111100001111000000001111000011111111000011110000000011110000111
000011110000111111110000111100000000111100001111111100001111000000001111000011111111000011110000000011110000111111110000111100000000111100001111111100001111000000001111000011111111000011110000000011110000111111110000111100000000111100001111111100001111000111100001111000000001111000011111111000011110000000011110000111111110000111100000000111100001111111100001111000000001111000011111111000011110000000011110000111111110000111100000000111100001111111100001111000000001111000011111111000011110000000011110000111
111111110000000011111111000000001111111100000000111111110000000011111111000000001111111100000000111111110000000011111111000000001111111100000000111111110000000011111111000000001111111100000000111111110000000011111111000000001111111100000000111111110000000000000001111111100000000111111110000000011111111000000001111111100000000111111110000000011111111000000001111111100000000111111110000000011111111000000001111111100000000111111110000000011111111000000001111111100000000111111110000000011111111000000001111111
000000000000000000000000000000001111111111111111111111111111111111111111111111111111111111111111000000000000000000000000000000000000000000000000000000000000000011111111111111111111111111111111111111111111111111111111111111110000000000000000000000000000000111111111111111111111111111111110000000000000000000000000000000000000000000000000000000000000000111111111111111111111111111111111111111111111111111111111111111100000000000000000000000000000000000000000000000000000000000000001111111111111111111111111111111
111111110000000011111111000000001111111100000000111111110000000011111111000000001111111100000000111111110000000011111111000000001111111100000000111111110000000011111111000000001111111100000000111111110000000011111111000000001111111100000000111111110000000000000001111111100000000111111110000000011111111000000001111111100000000111111110000000011111111000000001111111100000000111111110000000011111111000000001111111100000000111111110000000011111111000000001111111100000000111111110000000011111111000000001111111
111111111111111111111111111111110000000000000000000000000000000011111111111111111111111111111111000000000000000000000000000000001111111111111111111111111111111100000000000000000000000000000000111111111111111111111111111111110000000000000000000000000000000000000000000000000000000000000001111111111111111111111111111111100000000000000000000000000000000111111111111111111111111111111110000000000000000000000000000000011111111111111111111111111111111000000000000000000000000000000001111111111111111111111111111111
111100000000111100001111111100001111000000001111000011111111000011110000000011110000111111110000111100000000111100001111111100001111000000001111000011111111000011110000000011110000111111110000111100000000111100001111111100001111000000001111000011111111000000011111111000011110000000011110000111111110000111100000000111100001111111100001111000000001111000011111111000011110000000011110000111111110000111100000000111100001111111100001111000000001111000011111111000011110000000011110000111111110000111100000000111
111111111111111100000000000000001111111111111111000000000000000011111111111111110000000000000000111111111111111100000000000000001111111111111111000000000000000011111111111111110000000000000000111111111111111100000000000000001111111111111111000000000000000000000000000000011111111111111110000000000000000111111111111111100000000000000001111111111111111000000000000000011111111111111110000000000000000111111111111111100000000000000001111111111111111000000000000000011111111111111110000000000000000111111111111111
000000000000000000000000000000001111111111111111111111111111111111111111111111111111111111111111000000000000000000000000000000000000000000000000000000000000000011111111111111111111111111111111111111111111111111111111111111110000000000000000000000000000000111111111111111111111111111111110000000000000000000000000000000000000000000000000000000000000000111111111111111111111111111111111111111111111111111111111111111100000000000000000000000000000000000000000000000000000000000000001111111111111111111111111111111
000000001111111111111111000000000000000011111111111111110000000000000000111111111111111100000000000000001111111111111111000000000000000011111111111111110000000000000000111111111111111100000000000000001111111111111111000000000000000011111111111111110000000111111110000000000000000111111111111111100000000000000001111111111111111000000000000000011111111111111110000000000000000111111111111111100000000000000001111111111111111000000000000000011111111111111110000000000000000111111111111111100000000000000001111111
111111111111111111111111111111110000000000000000000000000000000011111111111111111111111111111111000000000000000000000000000000001111111111111111111111111111111100000000000000000000000000000000111111111111111111111111111111110000000000000000000000000000000000000000000000000000000000000001111111111111111111111111111111100000000000000000000000000000000111111111111111111111111111111110000000000000000000000000000000011111111111111111111111111111111000000000000000000000000000000001111111111111111111111111111111
111100000000111100001111111100001111000000001111000011111111000011110000000011110000111111110000111100000000111100001111111100001111000000001111000011111111000011110000000011110000111111110000111100000000111100001111111100001111000000001111000011111111000000011111111000011110000000011110000111111110000111100000000111100001111111100001111000000001111000011111111000011110000000011110000111111110000111100000000111100001111111100001111000000001111000011111111000011110000000011110000111111110000111100000000111
111111111111111100000000000000001111111111111111000000000000000011111111111111110000000000000000111111111111111100000000000000001111111111111111000000000000000011111111111111110000000000000000111111111111111100000000000000001111111111111111000000000000000000000000000000011111111111111110000000000000000111111111111111100000000000000001111111111111111000000000000000011111111111111110000000000000000111111111111111100000000000000001111111111111111000000000000000011111111111111110000000000000000111111111111111
111111111111111100000000000000001111111111111111000000000000000011111111111111110000000000000000111111111111111100000000000000001111111111111111000000000000000011111111111111110000000000000000111111111111111100000000000000001111111111111111000000000000000000000000000000011111111111111110000000000000000111111111111111100000000000000001111111111111111000000000000000011111111111111110000000000000000111111111111111100000000000000001111111111111111000000000000000011111111111111110000000000000000111111111111111
000000001111111111111111000000000000000011111111111111110000000000000000111111111111111100000000000000001111111111111111000000000000000011111111111111110000000000000000111111111111111100000000000000001111111111111111000000000000000011111111111111110000000111111110000000000000000111111111111111100000000000000001111111111111111000000000000000011111111111111110000000000000000111111111111111100000000000000001111111111111111000000000000000011111111111111110000000000000000111111111111111100000000000000001111111
111111111111111100000000000000001111111111111111000000000000000011111111111111110000000000000000111111111111111100000000000000001111111111111111000000000000000011111111111111110000000000000000111111111111111100000000000000001111111111111111000000000000000000000000000000011111111111111110000000000000000111111111111111100000000000000001111111111111111000000000000000011111111111111110000000000000000111111111111111100000000000000001111111111111111000000000000000011111111111111110000000000000000111111111111111
000000000000000000000000000000001111111111111111111111111111111111111111111111111111111111111111000000000000000000000000000000000000000000000000000000000000000011111111111111111111111111111111111111111111111111111111111111110000000000000000000000000000000111111111111111111111111111111110000000000000000000000000000000000000000000000000000000000000000111111111111111111111111111111111111111111111111111111111111111100000000000000000000000000000000000000000000000000000000000000001111111111111111111111111111111
000000000000000000000000000000001111111111111111111111111111111111111111111111111111111111111111000000000000000000000000000000000000000000000000000000000000000011111111111111111111111111111111111111111111111111111111111111110000000000000000000000000000000111111111111111111111111111111110000000000000000000000000000000000000000000000000000000000000000111111111111111111111111111111111111111111111111111111111111111100000000000000000000000000000000000000000000000000000000000000001111111111111111111111111111111
000000000000000000000000000000001111111111111111111111111111111111111111111111111111111111111111000000000000000000000000000000000000000000000000000000000000000011111111111111111111111111111111111111111111111111111111111111110000000000000000000000000000000111111111111111111111111111111110000000000000000000000000000000000000000000000000000000000000000111111111111111111111111111111111111111111111111111111111111111100000000000000000000000000000000000000000000000000000000000000001111111111111111111111111111111
000000000000000000000000000000001111111111111111111111111111111111111111111111111111111111111111000000000000000000000000000000000000000000000000000000000000000011111111111111111111111111111111111111111111111111111111111111110000000000000000000000000000000111111111111111111111111111111110000000000000000000000000000000000000000000000000000000000000000111111111111111111111111111111111111111111111111111111111111111100000000000000000000000000000000000000000000000000000000000000001111111111111111111111111111111
000000000000000000000000000000001111111111111111111111111111111111111111111111111111111111111111000000000000000000000000000000000000000000000000000000000000000011111111111111111111111111111111111111111111111111111111111111110000000000000000000000000000000111111111111111111111111111111110000000000000000000000000000000000000000000000000000000000000000111111111111111111111111111111111111111111111111111111111111111100000000000000000000000000000000000000000000000000000000000000001111111111111111111111111111111
000000000000000000000000000000001111111111111111111111111111111111111111111111111111111111111111000000000000000000000000000000000000000000000000000000000000000011111111111111111111111111111111111111111111111111111111111111110000000000000000000000000000000111111111111111111111111111111110000000000000000000000000000000000000000000000000000000000000000111111111111111111111111111111111111111111111111111111111111111100000000000000000000000000000000000000000000000000000000000000001111111111111111111111111111111
000011110000111111110000111100000000111100001111111100001111000000001111000011111111000011110000000011110000111111110000111100000000111100001111111100001111000000001111000011111111000011110000000011110000111111110000111100000000111100001111111100001111000111100001111000000001111000011111111000011110000000011110000111111110000111100000000111100001111111100001111000000001111000011111111000011110000000011110000111111110000111100000000111100001111111100001111000000001111000011111111000011110000000011110000111
000011110000111111110000111100000000111100001111111100001111000000001111000011111111000011110000000011110000111111110000111100000000111100001111111100001111000000001111000011111111000011110000000011110000111111110000111100000000111100001111111100001111000111100001111000000001111000011111111000011110000000011110000111111110000111100000000111100001111111100001111000000001111000011111111000011110000000011110000111111110000111100000000111100001111111100001111000000001111000011111111000011110000000011110000111
111111111111111100000000000000001111111111111111000000000000000011111111111111110000000000000000111111111111111100000000000000001111111111111111000000000000000011111111111111110000000000000000111111111111111100000000000000001111111111111111000000000000000000000000000000011111111111111110000000000000000111111111111111100000000000000001111111111111111000000000000000011111111111111110000000000000000111111111111111100000000000000001111111111111111000000000000000011111111111111110000000000000000111111111111111
000000000000000000000000000000001111111111111111111111111111111111111111111111111111111111111111000000000000000000000000000000000000000000000000000000000000000011111111111111111111111111111111111111111111111111111111111111110000000000000000000000000000000111111111111111111111111111111110000000000000000000000000000000000000000000000000000000000000000111111111111111111111111111111111111111111111111111111111111111100000000000000000000000000000000000000000000000000000000000000001111111111111111111111111111111
000000000000000000000000000000001111111111111111111111111111111111111111111111111111111111111111000000000000000000000000000000000000000000000000000000000000000011111111111111111111111111111111111111111111111111111111111111110000000000000000000000000000000111111111111111111111111111111110000000000000000000000000000000000000000000000000000000000000000111111111111111111111111111111111111111111111111111111111111111100000000000000000000000000000000000000000000000000000000000000001111111111111111111111111111111
000000000000000000000000000000001111111111111111111111111111111111111111111111111111111111111111000000000000000000000000000000000000000000000000000000000000000011111111111111111111111111111111111111111111111111111111111111110000000000000000000000000000000111111111111111111111111111111110000000000000000000000000000000000000000000000000000000000000000111111111111111111111111111111111111111111111111111111111111111100000000000000000000000000000000000000000000000000000000000000001111111111111111111111111111111
000000000000000000000000000000001111111111111111111111111111111111111111111111111111111111111111000000000000000000000000000000000000000000000000000000000000000011111111111111111111111111111111111111111111111111111111111111110000000000000000000000000000000111111111111111111111111111111110000000000000000000000000000000000000000000000000000000000000000111111111111111111111111111111111111111111111111111111111111111100000000000000000000000000000000000000000000000000000000000000001111111111111111111111111111111
