0100001000100010000000000000100000000000000001000000000100101000000000000000100010000000000000000010001000010100001100001001000110000000000001000000000000001000000000000000100001000110010000000100000000001000000000000000000000000000000000000000000
0110000000010000000000010010101000000100000001000000100000110000000000000000000000100000100010000000110000010010000100001010100000010010000001000010000000000000001000100000000010100000000010000000000000100010101101111011100000000000000000000000000
0001001000110000010000010000000000000000000000000001100100001000000000000000000000000000100010000010001000000100000000000001101110000000000110001010000100000010000000000000100011010010000000010000000010001100000101100110000000000001000100000001000
0000000000000101010001001100000000100000101000000011100000000100010000000000000000000000010010000000000000100010000001000000110000000010000010101000000000000010000000011000000000100100000000000000011010000111000000001010100000000000000000000000100
0000000000000000010000000001001010001011000100000001000000000000000000000000000000000000010000000000000000011000000000010000011000000001000000100000001100010000000000000010000100000000010000000000000000000000011000000000000000000000000000000000000
0001000001000000000000000000000001100000000000100010100000000001000100000000000000010000100011010100000000000000000100000001000000000010000010000000000100000000000000000000000000000000000000000100000000000000000000000000000000000010000011000000000
0001000001100000000000000000001010001000000010000000000010000100000000010000100000000000100000010000000000000000000000000000000000000000000000001000100100000000000000001000000000000000000000000000000000000000000000011011100000000000000000000000000
0001000000000000000000000000000010000000000000000000100000000110000000001000000000000000100000000000000000001000000000000000000100000010000010100000000000001000000000001010000000000000001000000000000011000001100000001011000000000000000001000010000
0000000000000000000000000000100000001000010010100000000000100000000000100000000110000000000001000000000010000001001000001000000001000000000000000001000000000110000110010110000000000000001110000000000000100000000010100000100000000001000000000000000
0100000000001000000000000000000000000000000000000010100000000000010000000000000100010010010000010011000000110000000110001000011000000000000010100000101000010100000000001000000000000000000000000000001001000010001000000110000000000000000000010000000
0100001000000000000000000001001010000000100110000010000000000000000000000000000000010000000001000000000000000000000000100100010000000000000100100000100000000000000000100000000000100000000001000000000000000000000000001001000000000000000000000100000
0001000000000000010000000000000000000000000000000010000000000000000000000000000000000000001000010000001000000000000100000100010010000100001000100000100000000000000000000000000000010000000100000000000000000000000000000010000000000000000000000000000
0000001000010000000000000000000000000000000010000010100000000000100000000000000000000000000000000000001000000000000000000001000000000100000000000000100010001000000000001000000000010000000101000000000000000000000000001000100000000000000000000000000
0000000001000000000100000000000000000000000000000001100000000100000000100000000000000001100000000000000000000000100001000000000100000000000000000000000000000000000000100000000010100000000001000000000001000000000000010000000000000010000000000000000
1000100001000000000000000000000000000000000000100010000000100100000000100000000000010000000000000000100000001001000000000011010100000000010000000000000000000100100000000000000001000000000001000000000010000000100000000000000000000000000000000001000
1010000000000000011000001000000000000000000101100000000000000000000100000000100000010001000000010000000000000000000000000000000000000000100001000000000100000100000000000000000001000000110001000100000001000000100100110000100000000000000000000000000
0111100000000000000000010000000000000100000100000101000000100110001000000000000000010000100000000000000000000000000000000000000000000000000001000000000100000000000011000000100000000000000000001000000000000001000101000101100000000001000000000000000
0010100000010000000100010000110000000000000000000000000000000001001000000000000000000000000000010000000000000001000000000000000001000000000001000000000000000100000000000000100000000000010000000000000010000001000001000100000000000001000000000001000
0000100000000010000000000000001000000010000000100001000000000100000000000000000010000000000011000000000000000000000000000000100001100000000000000000000000000101000000100000000000010010000000000000010000000000000000000000000000000000000000000000000
0000000000011000000000000000101000000010000000000001000000000000000000110000000000100001100000100000000001000011000000000000000000000000000000000010000000000000000110001000000010010010000000000000000000000000001100000101000000000000000100000000000
0000000000001000000000000000000000000010000000000001000100000000000000000000000000000000000000000000000000000001000000000000000000000000000000000000001000010000000000000000000000000000000000010000000000000000000100000101000000000000000000000000000
0000100000000000000000000000000000000000000000000000100100000000010000000100000000010001000000010000000000000010001000000000000000000000000000000000000000010001000010001000000010000000000011000000001010000000100010111011000000000000000000000000000
1001000000000000000010000000000010000000010000000001100000000000000000000000000010000001000000010000000000100000000000000010000000100000000000000000000000000000000010000000010010000000000001000000000000001011000110101011000000000000000000000001000
0101000000010000000000000000000000010000000000100010000000000000000000000000000000000000000000000000000000010010000000000000010001000000000001000000000000000100000000000000000010000000000000000000000010001001000000001001000000000000000000000000000
0101000000000000000000000000000000010010000000000010000000000000000000000000000000000000100000010000000000000001000000001000010000000000010000000000000000000010000000101000000010000000000000000000000000000100100000000011000000000000000000000000000
1000000000000000000000000000000000000000000000100000000000000000000000000000000010000001100000000000000000000100000000000010100000000000000000000010000000000100000010001100000000000000000000000000000100000000000000010000000000000000000000000000000
0000100000000000000000000000000000000100000000100010000000000000011000100000000000010000000000000000100001000100000000000000010001000000000001000000000000000100000000100000000000000000000001000000000000000010000000000001000000000000000000000001000
0000100000000000000000000000000000010000000000100010000000001000000000000000000000000000000010000001000000000001000000000000010000000000000000000000000000000100000000001000000010100000000000000000000000000000100000000000000000000000000000000000000
0010100001000000000000000000000000000000000000100010000000001000000000000000000000000000100010000001000000000000000000000000010000000000010000000000000000000000000000100000000010000000000000000100000010000001000100100000000000000000000000000001000
0010000001000000000000000000000000000110000100100000000000000000000000000000000000000000100000000001000000000000000000000000000000000000010000000000100000000100000000100000000000110100000001000000000001000001100100000000000000000000000000000001000
0010100000000000010000000000010000000110000000000110100000000000000000100000000000000000000010000000000000000001000000000000000000000000000000000100000000000000000000000000000000000000000010000000000000000001100111100000000000000000000000000000000
0000000001000000000000000010000000010100000100000000000000000000001000000000000010100000000000000000000000000000000000000000100001000010000000000000000000000000000000000000000010000000000000000000000000110001000100110000000000000000000000000000000
0000100000000010000000000000000000010100000100000001100000000000000000000000000000100001000010000000000000000000000000000000100000000000000000000000000000000010000010001000000000100000000001000000001000100000100100100101000000000000000000000000000
1000000000000000000000000000000000010100000100000000100000000000000000000000000000100000000000000000000000001000000000000000100000000000000000000010000000000000000000000000000000100000000000000000000110000001000010111011000000000000000000000000000
0000000000000000000000000000000000010000000100000000000000000000000000000000000000100000000000000000000000000000000000000000000000000000000000100000100000000100000000000000000000000000000011000000000001000000000000001011000000000000000000000000000
0000000000000000000000000000000000000110000101000000000000000000000000100000000000000001000000000000000000000001000000000000000000000000000000100010100000000000000010100000000000000000000010000000000000000000000000000001100000000000000000000000000
0000000001000000001000000000000000000010000000000000100000000100000000000000000000000000000010000000000000000011100000010000000000000010000000100000000000000000101000000000000010000100010001000100000011000001000000100001000000000000000000000000000
0000000000001000000000000010000000000110000100010000000000000000000000100000000000000000100000010000000000100001000000000010000000000010000000100000001000000010001000100000000000100000000000000000001000000000000101000010000000000000000000000000000
0001000000010000000000000010000000000010000000000000000000000100000000000000000000110001000000001000000000000001000000000000000000000000100000100010100000000010000010001000000000010000000001000000001000000000000000001011000000000000000000000001000
0000000000000000010000000000000000000000000100110100100000000100001000000000000000010000000000000000000001000101000000000010100001000010000000100000100000000010000000000000100000000010000000000000000001011000000011000000000000000000000000000000000
0000000000000000000000000000000000000000000000000010000000000100000000010000000000000000100000010000000000000000000000000000110000000000000000000010001000000010000000101000000000000000000000000000010000000000001011100110000000000000000000000000000
1001000000000000000000100000000000000000000000000001000000000100000000000000000000000000000000000000000000001000000000000000100001000010000000100010100000001100000000000000000010000001000000000000000000000000100000010000000000000000000000000000000
0001100000000000000000001000000000000010000000100000000000100100000100000000000000010000000001000000000000001000001000000100000000000010010001000000000000100010000000001000000011000011000001000000000000000000000000000000000000000000000000000000000
0000000000000000010000000000000000000000000000000001100000000000001000000000000000010000000010000001000000000000000000000000000000000000110000000000000100000010000000001000000000010001000000000000000001000000000010100000000000000000000000000001000
0001000000000000000000100000000000000000010000000000000100001000000000000000100000000000000010000000001000001101000000000000000000000000000000000000000000000000000000001000000000010010000010000000000000000000000010100000000000000000000000000001000
0001000000000000010000000000010000000000000000000000000000000000001000000000000000000000000010000001000000001000000000000000000000000010010000000010000000000000000000000000000000000000000000000000000000000000000000000000000000000000000000000000000
0001000001000000010000100000000000000000000100000000100000000000001000000000000000000000000000000001000000000000000000000000000000100010100000000000000000001000000000101000000000000000000000001000000100010000000000100000000000000001000000000000000
0001000000000000000000000100010000000010000000100000000000000000000000000000000000000000000010000000000000000000001000000000000000000000000000000010000000000100000000100000000010010010000000000000000000000000000010110000000000000000000000000001000
0000100000000000000000000000000000000000010000000000000000000000000000000000000000000000000001000000000000000000000000000000000000000000000000000000000000000000000000000000000010000000000010000000000000000000000000000000000000000000000000000000000
0000000000000000000100000000000000000000000000100001000000100000000000000000000000000000000000000001000000000000000000000001000000000000000001000000000010000000000000100000000000000000000000000000000010000000100000000000000000000000000000000000000
0000000000000000000000010000100000000000000000100000000000000000000000000000000000000000000001000000000000000000000000000000000000000000000000000000000010000000000000000000000000000000000000000000000000000001000000000000000000000001000000000000100
0000000000000000000100000000100000000010000000010010000100000100000000000000000000000000000000000000000000001001001000000000010000000000000000100000000000000000000000000000000000000000000000000000000001001000000000000000000000000000000000000000000
0001000000000000000100000000000000010000000100000001000000000000001000000000100000100000000000000000000000000000000000000010000000000000000000000000000000000000000000100000000000100000000000000000000001000000000000000000000000000000000000000000000
0000000000000010000100000000000000000000000000000000000000100000001000000000000000000000000001000000000000000001000000000000000000000000000001000000000000000000000000000000000000000000000000000000000000000000100000000000000000000001000000000000000
0000100000000000000000000000000000000000000000000000000000000000000100000000000000000001000000000000000000000000000000000000000000000000000000000000000000000100000010000100000000000000000000000000000000000001000000000000000000000000000000000000000
0011000000000000000000000000000000000000000000010000000000000000000000000000000000000000000010000000000000000000000000000000100000000000000000000010000000000000000000000000000000000000000000000000000010000000000000000000000000000000000000000000000
0001100000000000000000100000001000000000000000000000000000000000000000000000000000000000000010010000000000001000000000000000100000100000100000000000000000000100000000000000000000000000000000000000000100010000100010100000000000000000000000000000000
0000000000000000000000000000100000010000000000000000100000000100000000000000000000000000000000000000000000000000001000000000000001000010000000000010000000000000000000000010000010100000000000000000000000000000000000000000000000000000000000000000000
0001100000000000000000000000000000000000000100000000000000000000000100000000000000000000000000000000000000001000000000000010000000000010000000000000000000000000000000001000000000100000000000000000000000000001000000000000000000000000000000000000000
0000000000000000000000000000000000000000000000000000000000000000000100000000000000100000000000000000000000000000000000000000000000000010010000000000000000000000000000101100000000010000000000000000000000100000000100100000000000000000000000000000000
1000000000000000000100000000100000000000000000000000000000000000001000000001000000000000000000100000000000001000000000000000100000000000000000000000000000000100000000100000000010000000000010000000000000000000000000000000000000000001000000000000000
0001000000000000000000000000100000000000000100100000000000000000000000000000000000000000000000000000000000001000000000000000000001000000000000000000000000000000000000001000000000000000000000000000000000000000000000000000000000000000000000000000000
0000100000000000000100000000000000010100000000100000000000000000000100100000000000000000000000000000000000001000001000000000000000000000000000000000000010000000000000100000000000000000000000000000000000000000000000000000000000000001000000000000000
1000000000000000010000000000000010010000000000000000100000000000000000000000000000000000000000010000000000000000000000000010000000000010000000000000001000000000000000001000000000000000000000000000001010000000000000000101000000000000000000000000000
1000000000000000010000000000000000000000000100000000000000000000000000000000000000000000000000010000000000001000000000000010000000000010000000000000000000000000000000000000000000100000000000000000000001000000000000001011000000000000000000000000000
0000000000000000000000000000100000000000000000000000000000000000000000000000000000000000000000000000000000000000000000000000000000000000000000000010000000000000000000000100000000010001000000000000000000000000000000000000000000000000000000000000000
0000000000000000000000000000000000000000000000000000000000000000000000000000100000000000000000000000000000000000000000000000000000000000000001000000000000000000000000000100000000010001000000000000000000000000000000000000000000000000000000000000000
0000000000000000000100000000001000000100000000010001100000000000000000100000000000000000000000010000000000000000001000000000000000000000000000000000000000000000000000000000000000000000000000000000000000000000000000000000000000000000000000000000000
0000000000000000000100000000000000010100000000000000000000000000000000100000100000000000000000000000000000000001000000000000000000000000000001000000000010000000000000001000000000100000000000000000000010000000100000000000000000000000000000000000000
0000100000000000000100000000000000000100000000000000000000100000000000100000000000000000000000000000000000000000000000000000000000000000001000000000000000000000000000000000000000000000000000000000000010000001000000000000000000000001000000000000000
0000000000000000000000000000000000000100000000000001000000000000000000100000000000000000000000000000000000001000000000000000000000000000000001000000000000001000000000001000000000100000000000000000000000000000000000000000000000000000000000000000000
0000000000000000000000000010100000000000000100000000100000000000000000000000000000000001000010010000000000000101000000000000000000000000000000000010000000000000000000000110000000010010000000000000000011000000000000000000000000000000000000000000000
0000000000000000000000000000101000000000000000000000000100001000000000000000000000000000000000010000001000000100001000000000000001000000000000000000000000000000000000000110000001000011000000000000000000001000100000000000000000000000000000000000000
1000000000000000000000000000001000000110000000100000000000100000000000000000000000000001000000000000000000000000000000000000000000000000000000000000000000000000000000000000100000000000000000000000000010000000100000000000000000000001000000000000000
1000100000000000000100000000001000000110000000000000000010000000000000000000000000000000000000000000001000000000000000000000000000000000000001000010000000001000000010001010000000000000000000000000000000000000000000000000000000000000000000000000000
0000000000000000000000000000001000000100010000000001000000000000000100000000000000000000000000000000000000000000000000000000000000000000000000000000000000000000000000000000000000000000000000000000000000000000100000000000000000000000000000000000000
0001000000000000000000000000000000000100000000000001000000000000000000100000000000000000000000000000000000000001000000000000000000000000000000000000000000000100000000000000000000000000000000000000000000000000100000000000000000000000000000000000000
0100000000000000010000000000000000000000010001000000000000000000000000000000000000100010000000000000000000000000100000000010000000000010010000000000000000000000000000000000000000000000000000000000000010000000000000001000100000000000000000000000000
1000000001000000010000000000000000000000000100110000100000000000001000000000000000000000000000000000000000000001000000000000000000000010000001000000000000000000000000001000000000100000000000000000000000000000000000000000000000000000000000000000000
0000000001000000010000000000000000000100010000000000100000000000000000100000000000000001000010010000000000000000000000000000000000000000000000000010000000000000000000000000000000110000000000000000000000000000000000000000000000000000000000000001000
0000000001000000000000000010000000000100000000000000000000000000000000100000000000000001000000000000000000000000000000000000000000000000000000000010000000000000000000000000000000000000000000000000000001000000000000000000000000000000000000000000000
1000000000000000000000000000000000000110000000000000000000000000010000000000000000000000000000000000000000000000000000000000000000000000010000000010000000000000000010100000000010100000000000000000001000000000001000001011000000000000000000000000000
0000000000001000000000000000000000010000010000000010000000000100000000000000000000000000000010000000000000000000000000000010000000000000010000000000000000000000000000100000000010000000000000000000000000000000001000000101000000000000000000000000000
0000000000000000010000000000000000000000010000000010000000000000000100000000000000100000000010000000000000000000000000000010000000000000000000000000100000001000000000000000000000000001000000000000000001000000000000000000000000000000000000000000000
0000000000000000000000000000000010010000000000000000000000000100010000000000000000000000000010000000000000000000000000000000010000000000000000000000101000000000000000100000000010000001000000000000001000000100000000001011000000000000000000000000000
0000000000000000000000000000000010000000000100000000000000000000000000000000000000000000000000000000000000000000000000000000000000000000000000000000001000000000000000000000000000000001000000000000000000000010000000000101000000000000000000000000000
1000000000000000010000000000000000010000000000000000000000000000000100000000100000100000000000000000000000001000000000000000000001000010000000000000000000000000000000000000000000010001000000000000000001000000000000000000000000000000000000000000000
0000000000000000000000000000000000010000010000000000000000000000000100000000000000000000000000000000000000000000000000000010000000000000000000000000000000001000000000000010000000000000000000000000000011000000000000000000000000000000000000000000000
0000000000001000000000000000000000010000000000000001000000000100000000000000000000000000000000000000000000000000000000000000010000000000000000000000000000000000000000000000000000000000000000000000000000000000000000000011000000000000000000000000000
0000000000001000000000000000000010010000000000000001000000000100010000000000000000000000000000010000000000000000000010000000010000000000000000000000001000000000000000000000000000000000000000000000001000000010001000000101000000000000000000000000000
0000000000000000000000000000000000000000000000000001000000000000000000000000000000000000000000000000000000000000000000000000000000000000010000000000000000010000000001000000000000000000000000000000000000000000000000000001000000000000000000000000000
0000000000000000000000000000000000000000000000000001000000000000000000000000000000000000000000000000000000100000000000000010000000000000000000000000000000000000000000000000000000000000000000000000000000000000000000000101000000000000000000000000000
0000000000000000000000000000000000000000000000000001000000000000000000001000000000000000000000000000000000000000000000000010000000000000000000000000000000000000000000000000000000000000000000000000000000000000000000000101000000000000000000000000000
0000100000000000000000000010000000010000000000000000000000000000000100000000000000100000000000000000000000000000001000000000000000000000000000000000000000000000000000000000000000000001000000000000000000000000000000000000000000000000000000000000000
0000000001000000000000000000000000000000000000010000000000000000000000000000000000000000000010000000000000000000001000000000000000000000000000000000000000000000000000000000000000000000000000000000000000000000000000000000000000000000000000000000000
1000000001000000000000000010000000000000000000000000000000000000000000000000100000100000000000000000000000000001000000000000000000000000000000000000000000000000000000000000000000000000000000000000000000000000000000000000000000000000000000000001000
0000000000000000000000000010000000000000000000010001000000000000000100000000000000100000000000010000000000000000000000000000000000000000000000000000000000000000000000000000000000000001000010000000000010000001100000000000000000000000000000000000000
0000000001000000000000000010000000000000000000000000000000000000000000000000000000000000000000000000000000000000000000000000000000000000000000000000000000000000000000000000000000000000000000000000000000000000000000000000000000000000000000000001000
0000100000000000000000000000000000000000000000000000000000000000001100000000000000100000000000000001000000000001000000000000000000000000000000000000000000000000000000000000000000000001000010000000000000000000100000000000000000000000000000000000000
0000000000000000000000000000000000000000000000000000000000000000001000000000100000000000000000000001000000000000000000000000000000000000000000000000000000000100000000100000000000000000000000000000000010000000000000000000000000000000000000000000000
1000000001000000000000000000000000000000000000000000000000000000000000000000000000000000000000000000000000000000000000000000000001000000000000000000000000000000000000000000000000000000000000000000000000000000000000000000000000000000000000000001000
0000000001000000000000000000000000010010010000000000000000000000000000000000000000100000000010000000000000000000000000000000000001000000000000000000000000000000000000000000000000000000000000000000000000000000000000000000000000000000000000000000000
0000000000000000000000000000000000000000000000000000000000000000001000000000100000000000000000000000000000000000000000000000000000000000000000000000000000001100000000100000000000000000000010000000000000000000000000000000000000000000000000000000000
1000000000000000000000000000000000000000000000000000000000000000000000000000100000000000000010000000000000000000000000000010100000000000000000000000000000001000000000100000000000010000000000010000000000000000000000000000000000000000000000000000000
0000000000000000000000000000000000000000000000000000000000000000000000000000000000000000000000010000000000001000001000000000000000000000000000000000001000000000000000000000000000000000000000000000000000000110101000000101000000000000000000000000000
0000000000000000000000000000000000000010000000110000000000000000000000000000000000000000000010000000000000000000001000000000000000000000000000000000000000000000000000000000000010000000000000000000000000000000000000000000000000000000000000000000000
0000000000001000000000000000000010000000000000000000000000000000010000000000000000000000000000010000000000101000000000000000000000000000000000000000000000000100000000000000000010000000000000000000001000000000100000000101000000000000000000000000000
0100000000000000000000000000000000000000000000100000000000000000000000000001000000000000000000000000000000000000001000000000000000000000000000000000000000010000000000000000000000000000000000000000000000000000000000001001000000000000000000000000000
0000000000000000000000000000000010000000000000000000000000000000010000000001100000000000000000000000010000100000001000000000000000000000000000000000001000000000000000000000000000000000000000000000001000000010001000000011100000000000000000000000000
0000000000000000000000000000000010000000000000000000000000000000010000000001000000000000000000000000000000100000001000000000000000000000000000000000001000001000000000000000000000000000000000000010001000000010001000000101100000000000000000000000000
0000000000000000000000000000000000000000000000000001000000000000001000000000000000000000000000000000000000000001000000000000000000000000000000000000000000000000000000000000000000000000000000000000000000000001000000000010100000000001000000000000000
1000000001000000000000000010000000000000000000000000000000000000000000000000000000100000000000000000000000000001000000000010000000000000000000000000000010000000000000000000000000000000000000000000000010000000000000000000000000000001000000000001000
0000100000000000000000000000000000000000000000000001000000100000001000000000000000000000000000010000000000000000000000000000000000000000000000000000000000000000000000000000000000000000000010000000000010000001000000000000000000000000000000000000000
0000000000000000000100000000000000000000000000000000000000100000001000000000000000000000000000000000000000000000000000000000000000000000000000000000000000000000000000000000000000000000000000000000000000000000000000000000000000000000000000000000000
0000100000000000000000000000000000000000000000000000000000100000001000000000000000000000000000000000000000000000000000000000000000000000000000000000000000000000000000000000000000000000000000000000000010000000100000000000000000000001000000000000000
0000100000000000000000000000000000000000000000000000000000000000000000000000000000000000000000000000000000001000000000000000000000000000000000000000000010000000000000000000000000000000000000000000000000000000000000000000000000000000000000000000000
0000100000000000000100000000000000000000000000000000000000000000000000000000000000000000000000000000000000000000000000000000000000000000000000000000000010000000000000000000000000000000000000000000000000000000000000000000000000000000000000000000000
0000000000000000000000000000000000000000000000000000000000000000000000000000000000000000000000000000000000001000000000000000000000000000000000000000000010000000000000000000000000000000000000000000000000000000000000000000000000000001000000000000000
0000000000000000000100000000000000000000000000000000000000100000000000000000000000000000000000010000000000000000000000000000000000000000000000000000000010000000000000000000000000000000000000000000000000000000000000000000000000000001000000000000000
0000000000000000000100000000000000000000000000000000000000100000000000000000000000000000000000000000000000000000000000000000000000000000000000000000000010000000000000000000000000000000000000000000000000000000100000000000000000000000000000000000000
0000000000000000000000000000000000000000010000010000000000000000000000000000000000000000000010000000000000000000000000000000000000000000000000000000000000000000000000000000000000000000000000000000000000000000000000000000000000000000000000000000000
1000000000000000000000000000000000000000000000000000000000000000000000000000000000000000000010000000000000000000000000000010100000000001000000000000000000000000000000000000000000000000000000000000000000000000000000000000000000000000000000000000000
1000000000000000000000000000000000000000000000000000000000000000000000000000000010100000000010000000000000000000000000000010100000000000010000000000000000000000000000000000000000000001000000000000000000000000000000000000000000000000000000000000000
0000000000000000000000000000000000000000000000000000000000000000000000000000000000000000000010000000000000000000000000000000100001000000000000000000000000000000000000000000000000000000000000000000000000000000000000000000000000000000000000000000000
0000000000000000000000000000000000000000000000000000000000000000000000000000000000000000000000000000000000000000000000000000000000000000000000000000000000000000000000000000000000000000000000000000000000000000000000000000000000000000000000000001000
0000000000000000000000000100000000000000010000000000000000000000000000000000000000000000000000000000000000000000010000000000000000000000000000000000000000000000000000000000000000000000000000000000000000000000000000000000000000000000000000000001000
0000000000000000000000000000000000000000000000000000000000000000000000000000000000000000000000000000000000000001000000000000000000000000000000000000000000000000000000000000000000000000000000000000000000000000000000000000000000000000000000000001000
0000000000000000000000000000000000000000000000000000000000000000000000000000000000000000000010000000000000000000000000000000100000000000000000000000000000000000000000000000000000000000000000000000000000000000000000000000000000001000000000000000000
1000000000000000000000000000000000000000000000000000000000000000000000000000000000000000000010000000000000000000000000000010100001000000000000000000000000000000000000000000000000000000000000000000000000000000000000000000000000000000000000000000000
1000000000000000000001000000000000000000000000000000000000000000000000000000000000000000000010000000000000000000000000000010100000000000000000000000000000000000000000000000000000000000000000000000000000000000000000000000000000000000000000000000000
0000000000000000000000000000000000000000000000000000000100001000000000000000000000000000000000000000001000000100000000000000000000000000000000000000000000000000000000000000100001000010000000000000000000001000000000000000000000000000000000000001000
0000000000000000000000000000000000000000000000000000000000000000000000000000000000000000000000000000000000000000000000000000000000000000000000000000000000000000000000000000000000000000000010000000000000000100000000000000000000000000000000000001000
0000000000000000000000000000000000000000000000000000000000000000000000000000000000000000000000000001000000000000000000000000000000000000010000000000000000000000000000000000000000000000000000000000000000000000000000000000000000000000000000000001000
0000000000000000000000000000000000000000000000000000000000000000000000000000000000000000000000100000000000000000001000000000100000000000000000000000000000000000000000000000000000000000000000000000000000000000000000000000000000000000000000000000000
0000000000000000000000000000000000000000000000000000000000000000000000000000000010100000010000000000000000000000000000000000000000000000010000000000000000000000000000000100000000000000000000000000000000000000000000000000000000000000000000000000000
0000000001000000000000000000000000010000000000000000000000000000000000000000000010000000000000000000000000000000000000000000000000000000000000000000000000000000000000000000000000000000000000000000000000000000000000000000000000000000000000000000000
0000000000000000000000000000000000000000000000000000000000000000000000000000000000000000000000000000000000000001000000000000000000000000000000000000000000000000000000000000000000000000000000000000000000000000000000000000000000000000000000000000000
0000000000000000000000000000000000000000000000000000000000000000000000000000000000000000000000000001000000000000000000000000000000000000000000000000000000000000000000000000000000000000000000000000000000000000000000000000000000000000000000000001000
0000000000000000000000000000000000000000000000000000000000000000000000000000000000000000000000000001000000000000001000000000100000000000000000000000000000000000000000000000000000000000000000000000000000000000000000000000000000000000000000000000000
0000000001000000000000000000000000000000000000000000000000000000000000000000000000000000000000000000000000000000000000000000100000000000010000000000000000000000000000000000000000000000000000000000000000000000000000000000000000000000000000000001000
0000000001000000000000000000000000000000000000000000000000000000000000000000000010000000000000000000000000000000000000000000000000000000000000000000000000000000000000000000000000000000000000000000000000000000000000000000000000000000000000000000000
0000000000000000000000000000000000000000000000010000000000000000000000000000000000000000000000000000000000000001000000000000000000000000000000000000000000000000000000000000000000000000000000000000000000000000000000000000000000000000000000000000000
0000100001000000000000000000000000000000000000000000000000000000000000000000000000000000000000000001000000000000000000000000100000000000000000000000000000000000000000000000000000000000000000000000000000000000000000000000000000000000000000000000000
0000100001000000000000000000000000000000000000000000000000000000000000000000000000100000000000000000000000000000000000000000100000000000000000000000000000000000000000000000000000000000000000000000000000000000000000000000000000000000000000000000000
0000000001000000000000000000000000000000000000000000000000000000001000000000000000000000000000000000000000000000000000000000000000000000010000000000000000000000000000000000000000000000000000000000000000000001000000000000000000000000000000000000000
0000000001000000000000000000000000000000000000000000000000000000000000000000000000000000000000000001000000000000000000000000000000000000000000000000000000000000000000000000000000010000000000000000000000000000000000000000000000000000000000000000000
0000000000000000000000000000000000000000000000000000000000000000000000000000100000000000000000100000000000000000001000000000000000000000000000000000000000000000000000000000000000000000000000000000000000000000000000000000000000000000000000000000000
0000000000000000000000000000000000000000000000100000000000000000000000000000100000000000000000100000000000000000001000000000000000000000000000000000000000000000000000000000000000000000000000000000000000000000000000000000000000000000000000000000000
0000000000000000000000000000000000000000000000000000000000000000000000000000000000000000000000100000000000000000001000000000000000000000000000000000000000001000000000000000000000000000000000000000000000000000000000000000000000000000000000000000000
0000000000000000000000000000000000000000000000100000000000000000000000000000000000000000000000100000000000000000001000000000000000000000000000000000000000001000000000000000000000000000000000000000000000000000000000000000000000000000000000000000000
0000000000000000000000000000000000000000000000100000000000000000000000000000100000000000000000100000000000000000001000000000000000000000000000000000000000001000000000000000000000000000000000000000000000000000000000000000000000000000000000000000000
0000000000000000000000000000000000000000000000000000000000000000000000000000100000000000000000100000000000000000001000000000000000000000000000000000000000001000000000000000000000000000000000000000000000000000000000000000000000000000000000000000000
0000000000000000000000000010000000000000000000000000000000000000000000000000000000000000000000000000000000000000000000000000000000000000000000000000000000000000000000000000000100000000000000000001000000000000000000000000000000000000000000000001000
0000000000000000000000000010000000000000000000000000010000000000000010000000000000000000000000000000000000000000000000000000000000000000000000000000000000000000000000000000000000000000000010000000000000000000000000000000000000000000000000000001000
0000000001000000000000000000000000000000000000000000000000000000000000000000000000000000000000000001000000000000000000000000000000000000000000000000000000000000000000000000000000000000000000000000000000000000000000000000000000000000000000000000000
0000000000000000000000000000000000000000000000000000000000000000000000000001100000000000000000000000000000000000001000000000000000000000000000000000000000001000000000000000000000000000000000000000000000000000000000000000000000000000000000000000000
0000000000000000000000000000000000000000000000100000000000000000000000000001100000000000000000000000000000000000001000000000000000000000000000000000000000001000000000000000000000000000000000000000000000000000000000000000000000000000000000000000000
0000000000000000000000000000000000000000000000100000000000000000000000000001000000000000000000000000000000000000001000000000000000000000000000000000000000001000000000000000000000000000000000000000000000000000000000000000000000000000000000000000000
0000000000000000000000000000000000000000000000100000000000000000000000000001100000000000000000000000000000000000001000000000000000000000000000000000000000000000000000000000000000000000000000000000000000000000000000000000000000000000000000000000000
