0000000210000200001000001100000012000100020100010000000020000101001200002001000100100011001000010100100000000000100021200100110000010010022100100000100120010000001010010101001000010000101011000000000011000000010111101111100000000000000010010110100
0110100200000201010100010200101012000000020101000000000020100000101200112000000000010001010001100000100000011002020120211000100000100000022001000010001020000010101010001100020000100000100110000000100000100000001101101011022222220001001000000000100
1020001100111001000000100110010200000020000100202010000100001100010200020000200000000200110201200012011201000101000000010001110110102100000000120000101100002200020000200000100001002011000001210010010110011001001000010110022222222200020100212001022
1001100000020020210001211011021200000000001010002000002000010010010202020002000000000200000201010002000200000011000001010100101000222010200000020000120000110000220000010000010000112101200100200000000200220000100000001010122222222200220001202000022
1021220000000101200020210200020010000010200000002210022002020100202020000202022002012200000010212001000222011001020000000200200000222011200010021200121102110012220200000000000000002001210020202002010200220002011000000000022222222200020000202000222
1221220020002020200002210200020221000002002010102200122002020111022122020222022002012200110200212002020222202021020100020001012000202000200210120200122102020002220202000012002200102001200020222122222221220022002000010000022222222210220211202001022
1021220020121022200022210200021200200002202000002210022012020000212222010222122002102200100210212201020222002021020000000200210000202202200000121200020102000002220202000002002200102001200021222022220220220002000000011011122222222200220200202001022
1021220021020022200022210201020210202000202000002010022002020000200222021222022002102200020210202200020202101021020000020200010100202212200010020000120002201000220200001002002200102001201021222022221210220011000000011011022222222200220200202011022
1200020220022202220122000010100222210102202200012001122022120000221022022222022012012201101201012002020202201020021020221210000000022222012000020110002022120010220102000002022200002000000011200022222012100121102111010000022222222200221000202100222
0120020021020022212022210201020210202002202010002200022002020120202222000222022102102210100210212210020222010021020110001200001000202202200010022200020002200102222202001012002200002201220020222222221220220000200000020110022222222200220200212000022
0120221022021020212022210200021200000000002100002200122002020120212222000222022002002200100220222002010222000021020000100000200000202012200100020200020002000002222200101000000200102201220020222202221200220000200000021001022222222200220200202100022
0221020022022020202022210200022220100002002000002200022002020120020222020222022002012200021222212202221222200021220100020000200010202012201200020200022002020002222202000022002200212201220121222222222221220020102000020010222222222200222222222220022
0020001022000020202022210210022200201002000100002200002002020120122202020102002000000200020222222202021220200011020000020001210000202000200200120200022012021002222002000022012000002201220020222220222201220120202000021000122222222200222222222220022
1200020221022200210020010022000222201102122020002200122022000022020020022222022202012200022210202100020221202002120021220010000100122200022200020211022020020002120212021122022210002000002200202022222000000022202101100000002222222200220000202001122
0200020221022200220020010000001222210102012200012001122022120020020022022222022002012200020212200001120222200020020020220001000101012222002002020211022022020002020202000122022201002000000100202022222002000021002101100000022222222201220000202001022
0210220220002202201222201002222222212102212121012201022022020020221122122020122222012200102202002002020220202011020020220220002001022212012021022211022122220002020012021102022201012000012220202122202100010022102001000000022222222221222022222220022
2111020220020200200022100012212202000000012120002000022022120012020222022222022222002201122202212002000202200020020020220020000002022022122001020012022122020010020200020220120200002000202200200002222102010021002000100101022222222200222022222221222
1010100220010202220002010000112202202100200200102200112022020021201202002222022100110201121202211200020222101000020020200200002001002222022021022210020022200012022012011022122200002000211001202222000012000010000100110100022022222220222022222220022
1200022220222210220022020002000222221101022220012101122022020000022222022222022212012201002201222022000202200020020022220002100221022022002200020010022022020000220211020010020200102010202220200002212022200022222101110000122222220200222022222220022
2000220220000202220022000022101202202112222220002201002020020022200212102022002221002200022202120202020220002001020020200220002002022222022020022112020022200002220002020222022000012010002220202020221012200002200100000101022222222220222122222221222
2000220220020202220022000022002212202100222220002201022122020022202222022222022222212201022202102202020222102021020020220220002002122222022120022212020022210002020212020222022200012000202221212022220002000112000001102101022222222221222022222221222
2000120220000202220222000002202212202102212220002100122122220002200222022022022222202200022202202202020221002000021020220220002002022122022222022002000022200000220002020222022200022000202201201022220002200101001010101011022222222222222022222221222
0001022220222202220202020000202202202102202200002201122022220020212222022222022012212200020202202222020222000020000022220212002221022220022222022200021022200002020002000022002200022000000000202022200022001100222110101011022222222222222022222220022
1121122220202202222222220012021222202102220220012200022022220022220222002222022202202220022202212220220222210000220022202202002221222222202221022202022022220002222202121022022200112200222200202222222202221120122000021201022222222222222022222220222
0121022220222202222222220002222222202102212220012200022022220022220222002222022202202220022202202222220222201020220022201202002222222222202222022202022022220002222202021022022200022200222210202222222202220021022000020211222222222222222022222221222
1200020220022202220222000022000222202102202222002202122022020022220022022222022212112220112202002202220222221121220220222210102000022222002220022202022022220012220202020122022200112000202220202022222102200122102101100000222222222222222022222220222
0222020220002202222222200012021202012002222220012200222022020022201222122202022202200200022202210202100220000100020020220200002001222122202221022202020022220002222200022022022210222200222221202222220222220101000000020001022222222222222022222220222
0220120220022202222222200012222222212102202222002201022022221022220022022222022202002220022202212201220222222020220220222200002000222222202222022202022022220002222202020022022200002200222220202222222202220122002000020000222222222222222022222220222
2210020221022202220222200002222222222102202222022200022022221022222022022222022202002220022212222201220222220020220220222220002000222222212222022202022022220102022202020022022200022000202220202122222202020020202120100000222222222222222022222220222
2210020221012202200222200202222222222002202022022210022022220022222022022222022202002220022202202200220220220000220220222220012000222202212222022212122022220002020202021022022200112100202220202022222201020020002021120000222222222222222022222220222
2210020220012202200222200222202222202002222022002010022022220022222022122222022202012221022212002200220200220001220220222220002002022202222222022012022022220002020212020022022200102000202201200022222110020020102010000000222222222222222022222220222
0200222221222222200222020212202222202022202022122010122222222002221022022222222212002220002202222222222212220220222222222202112221022202002222022212022022222100220202121022222212002020002220200022202010112220222001000000222222220222222022222221222
0001022220220212210222020222202202212122222020222000022222222002221222022222222202102201022212212220022202202221022022220202102220022202022222022212020022222212220212220022222222002022002220202022200000102222022001002101022222220222222022222221222
1001022220222202200222020222202222212122222120212201022222222022222222022222222202102200022202222222022222201222022022220202102220122202022222022212021022222202220202220022222222002022202220202022200100202221020210101011022222221222222022222221222
2022020220022202212122200202022202202102202020002202222222022022221222122222022202002200122202002202022222200220020020220220002000222202222220022202021002220002222202022122222202222201222201202222220210222220101000021011022222222220222022222220222
2220020220022202212122200202022222212012202021002201022022020022221222002220022202102201022202002202020222200021020020200220002000222202222220022212022002220102222212120122022200022201222210202222222200220020002000020001122222222220222022222220222
2221120221002202201222200222222222212012222020002200122022220122221222002222022222102200022202102202220222202001120020200220002002222212222222122202022022220102021202121222022200022100212220202122222200020020202000110001022222222222222022222220222
0021222220201200202220020202222202000110022120002200002022220122002222122222022202102200022202212022000220002010020022220012000220122012022202120212020022000100021202120020022200022200222200200222201020000002020000110010122222222202222022222221222
2000122220202202200222020202202202212012222020002212122022220122222222022221022222102200022202110222020222202011020022220222012222022202122222122202121022220102220202120022022200002000202210202022200011200000220101101011022222222222222022222221222
0201222220202222200222020222200222222002222022102001022022220122220022022222022202002220122200202222220220220100220222222212102221122202022222122002122022220111020202020022122210122010202220201022202020011020022011000000222222222222222022222221222
1001222220220222210222020222202202222012222020022111122022220122222222002222022202202200022202202222020222200022020022200202112220022212022222022202020022220112020202120022022200022000202220202022210021000022021110000110000000000222222022222220222
0200122220202222210222020222212222222022222022022200022222022122222022022222022202002220022202212222222220221202222222222202102221022200122222122202122022221002220202020022222212022021202220202022202120212020022101100000222222222221222022222220222
1220122220222200202222221212222222200002102122112200022222122022020122022222022202102220102200212222222222221222221222222102000220222212212201020202022022022202222202020012222201012211222221202222222200222221022000020000222222222202222022222220222
2201220220022202200222100202212222222022212022222200022222222022220022022222222202002220022212202201222222221220222220222220002001022202002222022202022122222202220202221022222222002021202201202022222101212222002210100000222222222222222022222221222
1200022220222222210022122212202222212022202022102200122120221022222022022002100202022220222202200222221222221120222222222202002222022212012220022202022222220022220002120022222012102012202202202020202021202222122210100000222222222222222022222220222
2200022220222202200222020212212222222022212022222201022222222022220022022222222202002220022212212220222222220220222222222222002221122202002222022202022022222212220202220022222222022022202210202022222000202220022101110000222222222222222022222220222
1220122221222202210222022212222222222022212022122202022222222022220022022222022202122220222202222220222222222220222222222222002221022212012222022202022222221020220202120022222212002022202222200022222000202220022000100000222222222221222022222220222
2200222220202222200222022002012222212012202122102202222222222022222022022222222202022220222202202222222220222200221222222222002222122202022222022212022222222022220202022012022202202012202202202022202021202122122210110000222222222222222022222220222
2222120220022202202122202202020222202102202222012202222222022022220022022220022202122220222200022202222222220220220220222220002001222202222220122202122202220122222202022022222212222201222212202222222200222220202000020000222222222220222022222220222
2222220221022202222022202212020222222122202222022201222222122022220022022220022202022220212210022200222222222220220220222221002000202222202221122200122212220022222202022002222202212221222222222222222202222222002000020000222222222221222222222220022
0222220022022022222122212212120220212112202222002202222202022022222022020222222202122220222220222202222222222220220200022200202000202222200220122202122212222222222202122012222202212221222222222222222222222221202000020000222222222220222222222220122
2222020220002202202022202222120222202112212022002210222122020122222022022222022202022220222200022202220222221011221220222220012001222212222220022202222202220122222202022002022200222201222222202222222200221020202000020000222222222220222022222220222
2220122220222202212022222222221222202022202022102201122222222022221022122222122202022220222202212222222222222222222222222202002220222212202220022202022222220022222202121102222212122222222222202222222211222220122000020000222222222222222022222221222
0222222220222212222022222222020222202122212222212202222222122022221022022222022202022220222200222222222222222221220222222202002221222222222221122202122202220222222202222002222202222221222222202222222222222222022000020000222222222221222022222220222
2220122222222222202222222202020222222022202022222202222222022022222122122222222202022221202221222222222222222220222222222222202220222202202220022202022222222122222212222022222222202220222222222222222220222220222000020000222222222222222222222222222
2210022220222202200222022202002222222002202022112200022222222022220022122222222202022220222210202220222222221220220222222222102220022202002222022202022222222022220202020122222202002022002202202022222000202220122102100000222222222222222022222221222
2200022220222202200222122202200222222022202122122200022222222022220022122222222202022220222212202220222222220220220222222222102220022202102222022202022222222122220202021122222212102022202202202022222100212220022210100000222222222222222022222220222
0221222220222202202222222202122222202012222122102202022222222122222022122222222202022220222202212222222222222220221222222212002221222212202222022212022222222222222202020102222202002222222222202222222221222222222000020000222222222222222022222220222
2220022220222202202222222202221222212022202022102200122222222022220122122222222202122220202202212222222222220220222222222202002220222202202222022202022222222022222202020102222212002220222222202222222210222221022000020000222222222222222022222220222
2210022222222222210222022202000222222022202022222201122222022022222122122222222222022220202222202222222222222220222222222222202220022202012220022202022222222222020202120022222222012020202222222022222021002221022102110000222222222220222222222222222
0222020220022202222022202202120222202122212222022200222222022022221022022220022202022220222200022202222222221220220220222200102001222222222220122202122202220022222202122012222212222221222212202222222222220220202000020000222222222221222022222221222
0220222220222202212222222212122222212022222122002200022222022022222022122222022202122220222202212222222222220220222222222212002221222202202222022202022222222022222202021122222212112222222222202222222220222220122000020000222222222222222022222220222
2221022222222222222022222212020222202012202222022200022222022022220122122221022202022220202222202222222222221220221222222222202220222222202220122202122212220222222202020022222202012221222222222222222202222220122000020000222222222220222222222222222
1021122220220202202222222212222202202022202020202202022222222022220222122221222202222200222202202222022222202220022022220202002220222202202222022202021222222222222202221122222222122222222222202222220200222210220000022101122222222222222022222220222
0020022220222202202222222202222202202022202120212200022222222022202222022222222202222200222202102222022222200220022022220202012220222202202222122202120222222222222202220122222222122222222222202222220220222210220000021011122222222222222022222220222
2222222222222222222222222202120222222012202222222212222222022222222022022222222202122221222220222222222222222220222222222212202220222222202220222212222222222222222212220002222212202220222222222222222222222222222000020000222222222222222222222222222
1222222222222222222022222202020222222222202222222212222222022222222022222222122202022221222222222222222222222220222222222222202220222222202221222222222222222222222212122012222222202220222222222222222222222222222000020000222222222221222222222222222
0220222122222022222022222202021221202002202222202201122202022022222022020222222202022220222220212222222222222220221202122202212220222222201220022202022212222122222202220012222202102220222222222222222222222222122000020000222222222220222222222222222
0221220020022102222022202202020220202022212222202202022202022022220022020222122202122220222202222202222222220221220200022200012001222222210221022202022202222222222202121002222202022220222222202222222202222222002000020000222222222221222022222221222
0220122122222022222022222212020221202022202222012202022202122022222022020222222202022220222222222222222222222220220202122202212220222222200220022202022212222222222202220022222202112220222222222222222212222221222000020000222222222221222222222222222
0220022122222022222122222212020221202022202222212201022202022022222022020222222202122220222222222222222222221220220202122202212220222222201221022202022212221222222202220002222202012220222222222222222222222222222000020000222222222220222222222222222
2220220220022202202222202212120222212012222022102202022022020022220022022222022202022221222201202202220222222121220220222220012002222202222220122212122222220022222202021002022210112211222222202222222200220122002222220000222222222222222022222221222
2222120220022202222222202202121222212222212222202210222122021222220022222222222202022221222200202202221222221120221220222220002000222222222220222222222222222222222212222002222221222210222202202222222212221220002000020000222222222222222022222220222
0220222022222022222022222202020220202002212222012202022002120022222022120222022202022221222222222222220222222021220202022202212221222222210220022202022202220022222202020022122200022200222222222222222202220022022000020000222222222221222222222222222
0220022022222022222122222202020220202002212222112202022012020022222022120222022202122220222222222222221222222021220202022202212221222222210221022212022202221022222212020002022200022200222222222222222222220022222000020000222222222220222222222222222
1220222022222022222022222202020220202022202222212201122202022022222122120222222202122220202222222222222222222221220202022202212221222222210220022202022202222222222202220022222202022220222222222222222222222222122000020000222222222220222222222222222
1221222022222022222022222212021220202022212222212201022202022022222022020222222202122220222220222222222222222220220202022202212221222222210220022202022202222122222202221022222202022220222222222222222222222222022000020000222222222220222222222222222
0120222220222202202222222222020222202022202121212200122222222022220222002222222202022210222202212222222222222222122222202202012221222212202222122202122222222222222202221122222222122222222222202222222211222222222000021200022222222222222022222221222
1220220221022202202222202202222222212022202022112201022222222022221022022222222202122220222212212201222222220220222220222220012000222202202221122202122222222222222202021122222222112222222222202222222200222222202000020000222222222222222022222220222
0220022221222202212222202202222222222122212022222202022222222022222022122222022202122221222212202220222222222220222220222212012222222212202222122212122222220222222202221122222222012222222222202222222220222220202222220000222222222221222022222220222
2220122221222202212222202212222222202102212022212202022222222022222022022222222202022221222212202220222222222222220220222222012221222202212222122212122222222222222202220002222222002222222222202222222220222221202222220000222222222222222022222221222
1020222220222202212222222222222212212102222020102201122022220022202222222222022202222200222202202222020222000022020022220202012220222202212220122212120222220022222212021022022200022201222222202222220220220012220000021011022222222222222022222220222
0022222220220202202222222222020202202202212120102202222022220122202222222222022202222202222202202222020222202022020022220212002220222202212222122222120222220022222222022022022200222201222222202222220220220002220000022101022222222222222022222220222
0222222220222202202222222202222222212222202022002202222222222022222122222222022202022222222202202222222222222220220222222212002221222202212222122222022222221122222222122002222212202220222222202222222221222222122000020000222222222222222022222220222
0022222220222202212222222222222202202202222020102212222022220122202222222222022202222202222202202222020222102022020022220202012222222212202222122222021222200022222222022022022200222200222222202222221221220002221000021011022222222222222022222220222
0022222220220202202222222222222202212222222020202202222222222022212222222222222202222202222202202222022222000222022022220202012222222202202222122222120222222222222222222022222222222220222222202222221221222202220000022101022222222222222022222220222
1222222220222202202222222212222222202222212022002202222222222022222122222222122202122222222202202222222222220220222222222202012220222202212220122222122222222122222222122022222212212220222222202222222220222220222000020000222222222222222022222220222
0222222220222202212222222212222222202222202022202202222222222022222122222222222202022222222202202222222222222220222222222212012221222212212222122222122222221222222222122002222222202221222222202222222201222222222000020000222222222222222022222220222
0022222022221022202022222202022200202122202020202200222202022122202222020222222202222200222222212222022222002221020002020212202220222202200220022202021202202222222202222122222202222220222222222222220221222202221000020011022222222220222222222222222
0022222022220022202022222202022200202122202020202200222202022122202222020222222202222200222222202222022222102221020012020212202220222202200220022202020202202222222202222122222202222220222222222222220220222202220000022101022222222220222222222222222
0222222022221022222022222202022210012122202220202220222202022222212222020222222202222200222222222222002222002221020002020212222220222222210220222202220202202222222200222122222202222220222222222222220222222202220000020001022222222220222222222222222
0022222022220022222022222202022200212122202220202220222202022222202222020222222202222200222222222222022222002221020002020202222220222222200220222202220202222222222202222122222202222220222222222222221222222212220000022101022222222220222222222222222
0022222022222022222022222212022200212122202220202220222202022222202222021222222202222200222222222222022222002221020002020202222220222222200220222202220202202222222202222122222202222220222222222222220222222202220000022101022222222220222222222222222
2222022220222202222222222212222222202222212222002220222222222222221122222222222202022222222212202220222222221220221222222222222221222222212222222222222222222122222222122022222212202220222202202222222212222221022222220000222222222222222022222221222
2222220221022202222222202202222222202222212222202222222222222222222022222222222202022222222212222200222222222221221220222220022001222222222222222222222222222122222222222022222222222222222222202222222222222222202222220000222222222222222022222220222
0222220221022202222222202202222222222222202222222222222222222222222022222222122202022222222212222201222222222220222220222200022002222222222222222222222222222222222222222022222222222222222222202222222222222222202222220000222222222222222022222220222
2222122220222202222222222202222222202202202222012220222222222222220122222222222202122222222212202221222222220222222222222222222220222222202222222222222222222022222222022022222212202220222202202222222202222221122222220000222222222222222022222221222
2222220221022202222222202202222222202222202222202222222222222222222022222222222202022222222212212200222222222220222220222220022000222222202222222222222222222222222222222022222212222222222222202222222222222222202000020000222222222222222022222220222
2222022220222202222222222212222222222222202222002221222222222222221122222222222202022222222212212221222222220221222222222222222220222222202222222222222222222022222222022022222212202220222202202222222202222220022222220000222222222222222022222221222
2222022220222202222122222222222222222222222222222221222222222222221022222222122202022222222212212220222222221222222222222202222222222222222222222222222222220022222222122022222212222222222202202222222202222220022222220000222222222222222022222221222
0222220221022202222222202202222222222222202222022222222222222222222022222222222202122222222212222201222222222220222220222220022001222222222222222222222222222222222222222022222222222222222222202222222222222222202222220000222222222222222022222220222
2222220221022202222222202212222222202202202222212222222222222222222022222222222202122222222212222200222222222222222220222220022000222222222222222222222222222222222222222022222222222222222222202222222222222222202222220000222222222222222022222220222
2222022220222202222222222222222222222222222222222221222222222222221022222222122202122222222212212220222222221222222222222222222222222222222222222222222222221022222222122022222212222221222202202222222212222220022222220000222222222222222022222221222
0222222220222222222222222202222222222222202222222222222222222222222022222222122202022222222202222222222222222220220222222212122220222222202222222222222222221022222222122022222212202221222222212222222222222222222222220000222222222222222222222221222
2022120220020202222222202212022202212002212220112210222222222022200222022220022202222200222202002202022222100200021020220220002002222222222220022202020222210222222202022122222202222220222202202222221202222011000000022101022222222222222022222221222
2222222220222222222222222212222222202202212222012222222222222222222022222222222202122222222202222222222222222221221222222222022222222222222222222222222222222222222222022022022202222222222202202222222222222222222222220000222222222222222022222220222
2022120220020202222222202212022202212022212220112210222222222022200222022220022202222200222202002202022222000220020020220220002002222222222220022202020222200022222202022122222212222220222202202222220212222101100000022101022222222222222022222221222
2122122222220222222222222222022202222002222220022210222222222022200222002220022202022200222222002222022222000222021022200222202222222222222220022202021222200222222202122122222222222220222222222222220202222201021000021021022222222222222222222222222
2022122222220222222222222222022212122000222220122210222222222022210222022220122202222200222222002022002222000222021022220222202222222022222220022202020222200222222200122120220222222220222222222202220212222201120000020011122222222222222222222222222
2022122222221222222222222222022202222002222220122210222222222022200222022220022202222200222222002222002222100222021022220222202222222222222220022202020222201222222201122122222222222220222222222202221202222211020000020101122222222222222222222222222
2222120220022202222122202222022222012022222220212211222222022022221222022222222202222200222202222202022222202221020020220220002001222222222220022202022202222222222200222122222202222220222222202222222222222220102000020212122222222221222022222221222
0222220221022202222022202212022222222022222222222211222222022022222022022222222202022220222212222201222222220220220220222200002001222222212220022202022202222222222202222122222202222220222222202222222202222220202000020000222222222220222022222221222
2222020220022202222122202202022222202022202222202210222222122022220222122222222202222220222202212202222222221220220220222220002000222222222220022202022202222222222202222022222202222220222202202222222212222220102000022222222222222220222022222220222
2222220220022202222022202202022222202022202222202212222222122022220222122222222202222220222202202202222222221220220220222220002000222222222220022202022202222222222202222022222202222220222202202222222212222222002000022222222222222220222022222220222
2222020220022202222122202202022222202022202222202212222222122022220222122222222202222220222202202202222222222220220220222220002000222222222220022202022202222222222202222022222202222220222212202222222202222222102000022222222222222221222022222220222
2222022222222222222022222222022222222022222222222211222222022022222222122222222202222220222222222222222222221222220222222222202220222222222220022202022202222222222202222022222202222220222222222222222222222222222000022222222222222221222222222222222
2222022222222222222122222222022222222022222222222212222222022022222222122222222202222220222222222222222222222222220222222222202220222222222220022202022202222222222202222022222202222220222222222222222222222222222000022222222222222221222222222222222
2222222222222222222022222222022222222022222222222212222222022022222222122222222202222220222222222222222222221222220222222222202220222222222220022202022202222222222202222022222202222220222222222222222222222222222000022222222222222220222222222222222
2222222222222222222122222222022222222022222222222212222222122022222222122222222202222220222222202222222222222222220222222222202220222222222220022202022202222222222202222022222202222220222222222222222222222222222000022222222222222220222222222222222
2222222222222222222122222222022222222022222222222212222222122022222222122222222202222220222222222222222222222222220222222222202220222222222220022202022202222222222202222022222202222220222222222222222222222222022000022222222222222221222222222222222
2222222220222222222222222212222222212222212222202222222222222222222222222222222222222222222202222222222222222221222222222222022222222222222222222222222222222222222222222122222222222222222222202222202222222222222222222222222222222222222022222220222
0222222220222222222220222222222222222222222222222222222222222222222222222222222222222222222202222222222222222222222222222202122220212220222222222222222220222222222222222122222222222222222222202222202222222222222222222222222222222222222022222220222
0222222220222222222222222202222222222222212222022222222222202222222022222222222212122222222202222222222222222220222222222202122221202222202222222222222222222022222222022122222212202220222222202222202222222222222222220000222222222222222022222220222
1222222220222222222222222222222222222222222222222222222222222222222222222222222222222222222202222222222222222222222222222212122221222222222222222222222222222222222222222122222222222222222222202222202222222222222222222222222222220222222022222220222
2222222220222222222222222202222222202222202222202222222022220222222222222222222222222222222202222222220220222020222222222222022222222222222222222222222222222222222222222122022220222202222202202222202222220222222222222222222222222222222022222220222
2222222220222222222202222002222222202222212222202222222222222222222222222222222222222222222202222222222222222220202222222222022222222222222222222222222222222222222222222122202222222222222222202222202222222222222222222222222222222222222022222220222
2222222220222222222222222222222222202222222222202222222222222222222222222220222222022222222202022222222222222221222222222222022222222222222222222222222222222222222222222122222222202222222222202222202222222222222222222222222222222222222022222220222
1222222220222222222222222222222222222222222222222222222222222222222222222222222222222222222202222222222222222222222222222212122220222222222222222222222222222222222222222122222222222222222222202222202222222222222222222222200000000222222022222220222
0222222220222222222222222222222222222222222222222222222222202222222222222222222222222222222212222222222222222222222222222202122220202222222222222222222222222222222222222022222222222222222222202222202222222222222222222222222222222222222022222220222
0222222220222222222220222222222222222222222222222222222222222222222222222222222222222222222212222222222222222222222222222202122221222220222222222222222222222222222222222022222222222222222222202222202222222222222222222222222222222222222022222220222
2222222220222222222222222202222222202222202222212222222022220222222222222222222222222222222212222222220222222020222222222222022222222222222222222222222222222222222222222022022220222202222212202222202222220222222222222222222222222222222022222220222
2222222220202222222222222202222222202222202222212222222222222222222222222222222222222222222212222222222220222200222222222222022222222222222222222222222222222222222222222022222222222222222212202222202222222022222222222222222222222222222022222220222
2222222221222202222222222202222222222222212222222222222222222222222022222222222202022222222202222220222222222220222222222222022220222222202222222222222222222222222222222022222222222222222222212222222222222222222222220000222222222222222222222220222
2222022221222222222222222222022222222002222222022221222222222222221222122222122202222220222202012220222222220222220222222222122222222222222220222202222222221222222202022122222222222220222222222222222202222220022000022222222222222222222222222222222
2222222221222222222222222202020222222222212222222222222222022222222022222222222212022222202202222220222222222220222222222222022220222222202220222222222222222222222222222122222222212222222222222222222222222222222222220000222222222222222222222222222
2222222220222222222222222222022222202222222222202212222222222222222222222222222212222222202210222222222222222222222222222222012222222222222220222222222222222222222222222122222222222220222222222222222222222222222000022222222222222222222222222222222
0222220220022202222222202202222222202222222222212222222222222222222222222222222202222222222212202202222222222220222220222210022002222222212222222222222222222222222222222022222222222222222222202222222222222222202000022222222222222222222022222220222
2222220220022202222222202222222222222222222222222222222222222222222022222222222202222222222202222200222222222222222220222220222002222222222222222222222222222222222222222022222222222222222202202222222222222222202222220000222222222222222022222220222
2222022221222222222222222222022222222202222222022201222222222022221222222221122202222222222202212221222222220222220222222222102222222222222220022222022222221222222222022122222222222220222222222222222212222220022000022222222222222222222222222222222
2222220221022202222222202202222222222222212222222222222222222222222022222222222202022222222202222200222222222220222220222220122000222222202222222222222222222222222222222022222222222222222222202222222222222222202222220000222222222222222022222220222
2222222220222222222222222222022222212222222222202222222222222222222222222222222212222221202210222222222222222222222222222222022222222222222220222222222222222222222212222122222222222220222222222222222222222222222000022222222222222222222222222222222
0222220220022202222222202212222222202222222222202222222222222222222222222222222202222222222212202202222222222220222220222210022002222222212222222222222222222222222222222022222222222222222222202222222222222222202000022222222222222222222022222220222
2222022221222202222222222222222222222222222222222222222222222222222222222222222202222222222202222220222222222222222222222222122222222222222222222222222222222222222222222022222222202222222222202222222222222222222222222222222222222222222022222221222
2222022221222202222222222222222222222222222222222222222222222222222222222222222202122222222202222220222222222222222222222222122222222222222222222222222222222222222222222022222222222222222222202222222222222222222222222222222222222222222022222221222
2222022221222202222222222212222222222222202222222221222222222222221022222222222202022222222202212220222222220220222222222222022221222222212222222222222222222222222222222122222222222222222222202222222212222220022222220000222222222222222022222220222
2222222221222202222222222222222222222122222222222222222222222222222222122222222202222221222202222220222222222222222222222222022222222222222222222202222222222222222212220122222222202222222222202222222222222222222222222222222222222222222022222220222
2222022222222222222222222222022222222002222222022200222222222022220222022220022202222220222222002222222222220222220222222222002222222222222220022202022222221222222202022022222222222220222222222222222212222220022000022222222222222222222222222222222
2222022222222222222222222222022222222002222222122200222222222022220222022220022202222220222222002222222222220222220222222222002222222222222220022202022222221222222202022022222222222220222222222222222202222220122000022222222222222222222222222222222
2222022222222222222222222222022222222002222222022200222222222022220222022220122202222220222222002222222222220222220222222222002222222222222220022202022222220222222202022022222222222220222222222222222212222220022000022222222222222222222222222222222
2222022222222222222222222222022222222002222222122200222222222022220222022220122202222220222222002222222222220222220222222222002222222222222220022202022222220222222202022022222222222220222222222222222202222220122000022222222222222222222222222222222
2222022222222222222222222222022222222002222222122200222222222022220222022220022202222220222222002222222222220222220222222222002222222222222220022202022222220222222202022022222222222220222222222222222202222220122000022222222222222222222222222222222
2222022222222222222222222222022222222002222222022200222222222022220222022220022202222220222222002222222222220222220222222222002222222222222220022202022222220222222202022022222222222220222222222222222212222220022000022222222222222222222222222222222
2222222220222222222222222202222222212222222222202222222220222222222222222002200222222222222212222222222222222220222222222222022222222222222222222222222222222222222022222122222022222222222202202220202222222222222222222222222222222222222022222221222
2222202220222222222222222202222222212222220222202222202222222222222202222222222220220222222212220222222222222220222222222222022222222222222222222222222222222222222222222122222222222222222202202222002222222222222222222222222222222222222022222221222
2222222221222202222222222222222222222222222222222221222222222222222222222222222202222222222202222220222222222222222222222222022222222222222222222222222222222222222222222122222222202222222222202222222202222222022222222222222222222222222022222221222
2222022222222222222222222222022222222002222222022200222222222022220222022220022202222220222222002222222222220222220222222222202222222222222220022202022222220222222202022022222222222220222222222222222202222220022000022222222222222222222222222222222
2222022222222222222222222222022222222002222222122200222222222022220222022220022202222220222222002222222222220222220222222222202222222222222220022202022222220222222202022022222222222220222222222222222212222220122000022222222222222222222222222222222
2222022222222222222222222222022222222002222222122200222222222022220222022220122202222220222222002222222222220222220222222222202222222222222220022202022222220222222202022022222222222220222222222222222202222220022000022222222222222222222222222222222
2222022222222222222222222222022222222002222222122200222222222022220222022220022202222220222222002222222222220222220222222222202222222222222220022202022222221222222202022022222222222220222222222222222202222220022000022222222222222222222222222222222
