0000000000000000000000000000000000000000000000000000000000000000001011000000000000000000000000000000000101000000000000000000000000001001000100000101000000000000000000000000000000000000000000000000011000000101010001
1000100000110000000000011000010010100000100100001110100010000001101001000000010000001000100001000000000001101000110000000000000000000110000000100000000000000000000001000000000000000000000000000000000110000010100100
0100000100011000000001000010011000001011000000100001010100010000011100001100011110001100000000011000001000100100010000000000000000011001000001000000010000000001001000000100000000000000000011101111100000100011100000
0001000110000010000000000000000000000000000000001110000000101001110000000000011000001000110000010010101000101100110000000000000000110001000001000000000000001010010000000000010000000000001100000000000011000000000000
0100000000000000000000100100010101000010010010000000001000101000011000000000010000010001100000000000000000000001001000000000100000000000000100100100000000000010010000000000000000000010000000000000000010000001000001
0100000000000000000000010000000011000000000001000001100010100010100100001000100010001000000000000000000000000001001000000010000000000000000000000000000000000000000000010000000010000000000000000000000010000001000001
0000100000100000000000000000000001100000000001001000111010001100001011000011000000000110000001000000001001000010001000000000000000000000000000000000000000000100000010000000000000000010000100000000010000000000010000
0100010010000000000000100000000001000000010010000100000010000100000110100101000000000010100000000000000000001001100000000000000000000000000000000001000000000000000000001000010000000000000000000000000010100000000000
0100000100000000001000001000000000000010000000001000100110000010000000000000001000000000011100000000001100001100001000000000000000000000000001000000001000000000010000000000000000000000000000000000001001000000011100
0000000100110000000000000010000011010010001000000000010000010000111100000010100000000000000000000000000000011001000000000000000000000011000000000000000000000000100000010000000010000000000000000000000100110000000000
0000000000000000000100011010100000101001101000000110000000100110100010000000100000000000011000000000001000011011000001000000000000010001000000000100000000000000000000000000000000000000000000000000000010000000010001
0000000000000010000000001000010000000001001110100000001000000011000010000010100100001011001000000001010000000010100010000000000000000001000110000000000000000000000000000010000000000000000000000000000000010110000101
0000000110000000000000001000000100001000000000000000110100111011011110000011000000001000000000000000000001000010000000000000000000010001000100100000000000000000000000000000000000000000000000000000000000000000000001
0000011000000000000000000000000100111000100001000010000000000000000000000000000000011100000000000000000000011010010000000000000000000000000000000000000000000000001000000000000000000010000100000000000000000000010100
0110000000110100000000000000110000001000000110001000010100000110000011100100000000010000000001000000000000000100001000000000000000000010000000000000000000000000000000000000000010000000000000000000000001000010000000
0100000001010010000000110000000010110000001100001000101000001110000010000000000100000000100001000000000000000100000000000000000000100000001000000100000000000000000100000001000000000000000000000000000001000011100101
0001000010100010100000000000000000000000110010000100001010100100011100001100100000000000111001000000100000100100000000000000000000000000000000000000000000000000000000000000000000000000000000000000000001000010010000
0100000110000000000000001100101000000010000010000001000000100000101000000100000000010110110000000000000000000000000010000000010000001000000000000001000000000000000000000000000000000000000000000000011000100011000000
0000010000000000000000000000000100010001100001100001000000010000111000000000000000000000010000000000000000000000000000000000000000011110000000000000000000000000000000000000000000000000000000000000011000010000000000
0010011010000000000000000010000000000000010010000000000000010001000000000000000000100010001000000000000000000000000000000000000000000000000000000000000000000000000000000000000000000010000100000000010000100000000100
0100000000011100000000001000100000110000000000100000000000010010010000010000000000000000000000000000000000000000000000000000000000000000000000000000000000000000000000000000000000000000000000000000001000000000000000
0000000000000100000000100100000001000000001100000010011000000000100000000000000000000000000000000000000000000000000000000000000000000000000000000000000000000000000100000000000000000000000000000000000010000000000000
0101000000000000000000000000001000011000000000100000000010000000000100000000001100100000100000000000000000000000000000000000000000000000000000000000000000000000000000000000000000000000000000000000000000100000000000
0000000000000000000000010000010110101000000000000000000000010010000000000000000000000000000000000000000000000000000000000000000000000000000000000000000000000000000000000000000000011100000000000000000100000000010000
0100100000000000000000000110000000000000000000000000000000000001000000000000000000000000000000000000000001000000010000000100000000000000000000000000000000000000000000000000000000000000000000000000001010000000000000
0000000000000000000000000000001000000000000000000000000000011010000000000000000000000010000000000000000001000000110000000000000000001000000000000000000000000000000000000000001000000000000000000000000000100000000000
0000000000000000000000000000000000000000000000000000000000010000000000000000000000011010000000000000000001000000110000000000110000000000000000000000000000000000000000000000000000000000000000000000010000100000000000
0000000000000000000000000000000000000000000000000000000000010000010000000000000000010001000000000000000000000000100000000000000000000000000000000000000000000000000000000000000000000000000000000000001110000000000000
0000000000000000000000000000000000000000000000000000000000100100000000000000000000000001000001000000000000000001000000000000000000000000000000000000000000000000000000000000000000000000000000000000001101100000000000
0000000000000000000000000000000000000000000000000000000000111000000000000000000000000000000000000000000000000000010100000000000000000000000000000000000000000000000000000000000000000000000000000000001000000010000000
0000100000000000000000000000000000000011000000100000000000001010000100000000000000000000000000000000000001110100100000000000000000000010000000000000000000000000000110000000000000000000000100000000000000000000010000
0000000000000000000000000000000000000000000000000000000000010000101000010000000000000000000000000000000000010100000100000000000000000000000000000000000000000000000000000000000000000000000000000000001101100000000000
0000000000000000000000000000000000000000000000001000000000110000000000000000000000000000000000000000001001000100000010000000000000000000000000000000000000000000000000000000010000000000000100000000000001100000000000
0000000000000000000000000000000000000000000000000000000000101000000000001000000100000000000000000000000000100000000000000000000000100000000000000000000000000000000000000000000000000000000000000000000101000000010000
0000000000000000000000000000000000000000000000000000000000000011000010000000000000000000000000000000000000100100000000000000000000000000000000000000000000000000000000000000000000000000000000000000000011100000010000
0000000000000100000000000000000000000000000000000000000000100000000000001010010000000000001000000000000000101000000000000000000000000000000000000000000000000000000000000000000000000000000000000000000000000001000000
0000000000000000000000000000000000000000000000000000000000000100000000000000000000000100000000000000001000000100011100000000000000000000000000000000000000000000000000000000000000000000000000000000000011000010000000
0000000000000000000000000000000000000000000000000000000000101000000010000000000000000001000001000000000001000100010000000000000000000000000000000000000000000000000000000000000000000000000000000000000011000010000000
0000000000000000000000000010000000000000000000000000000000100100000000000000000000000000000001000000000001100010100100000000000000000000000000000000000000000000000000000000000000000000000000000000000101000010100000
0000000000000000000000000000000000000000000000000000000000000000000010000000001100000011000001010110000001010001010000000000000000000000000000000000000000000000000000000000000000000000000000000000000001100001000000
0000000000000000000000000000000000000000000000000000000000110100000000000000000000000000010000000000000001111001010000000000000000000000000000000000000000000000000000000000000000000000000000000000000100000000000000
0000000000100100000000000010000100000000000000000001000100000100000010000000000000000000100000000000001001011001110000000000000000000000000000000000000000000000000000000000000000000000000000000000000110000000000000
0000100110000000000000010000000000000000000000000000000000000000000000000000000000000000000000000000000000000000000000000000000000000010000000000000000000000000000000000000000000000000000000000000000011000000000000
0000000000000000000000000000000000000000000000000000000000001100000000000101000000000000000000000000000000000000100000000000000000000000000000000000000000000000000000000000000000000000000000000000000010100001000000
0010000000000000000000000000000000000000000000001100000000101100000000000000000000000000010001000000000000000000000000000000000000000000000000000000000000000000000000000000000000000000100000000000000100000000010000
0100000000000000000000000000100000000000000000000000000000001000000000000000000000000000000001000000000000000000100000000000000000000000000000000000000000000000000000000000000000000000000000000000000010000000000000
0000101000000000000000001000000000000000000000000000000000011000000010000000000000000000000001000000001000000101000010000000000000000001000000100000000000000000000000000000000000000000001000000000000000100000100000
0000010010000000000000000000000000000000000000100000000000000000000000000000000000000000000001000000001000000100000000000000000000000000000000100000000000000000000000000000000000000000000000000000000100100000000000
0000000000000000000000000000000000000000000000000000000000110000000010000000000000000000000000000000000000000100000000000000000000000000000000000000000000000000000000000000000000000000000000000000000001100000100000
0000001010000000000000000000010000000000000000000000000000110000000010000000000000000000000000000000000000000100000000000000000000000000000000100000000000000000000010000000000000000000000000000000000010100000000000
0000000100000000000000000000000000000000000000000000000000000000000000000000000000000000000000000000000000000001000000000000000000000000000000100000000000000000000000000000000000000000000100000000000001000000000000
0000000100000000000000000000000000000000000000000000000000000000000000000000000000000000000000000000000001000001000000000000000000000000000000000000000000000000000000000000000000000000000000000000000110000000000000
0000000010000000000000000000000000000000000000000000000000110000000000000000000000000000000001000000000001000000000000000000000000000000000000100000000000000000000000000000000000000000000000000000000000000000000000
0000000110000000000000000000000000000000000000000010000000000000000000000000000000000000000001000000000000000010000000000000000000000000000000100000000000000000000000000000000000000000000000000000000000000000000000
0001000000000000000000000000000000000000000000000000000000001000000000000000000000000000000000000000000000000000101000000000000000000000000000000000000000001000000010000000000000000000000000000000000000000000000000
0000100000000000000000000000000001000000000000000000000000001100000000000000000000000100000000000000001000001001000000000000000000000000000000000000000000000000000000000000000000000000000000000000000100000000000000
0000101010000000000000000000000000000000000000000000000000001000000000000000000000000000000001000000000000000001100000000000000000000000000000000000000000000000000000000000000000000000000000000000000000000010100000
0000001010000000000000000000000000000000000000000000000000001000000010000000000000000000000001000000000000000001000000010000000000000000000000000000000000000001000000000000000001000000000000000000000000100010100000
0001000000000000000000000000000000000000000000000000000100100100000000000000000000000000000000000000000000000000101000000000000000000000000000000000000000000000000000000000000000000000000000000000000000000000000000
0000000110000000000000000000000000010000000000000000000100100000000010000000000000000000000000000000000001001001110000000000000000000000000000000000000000000000000000000000000000000000000000000000000000000000000000
0000000010000000000001000000000000000000000000000000000000100100000000000000000000000000000001000000000000000000101000000000000000000000000000000000000000000000000000000000000000000000000000000000000000000000000000
0000000000000000000000000000000000000000000000000000000000010000000000000000000000000000000000000000000001010001000000000000000000000000000000000000000000000000000000000000000000000000000000000000000000000000000000
0000000000000000000000000000000000000000000000000000000000110100000010000000000000000000000000000000000000011101010000000000010000000000000000000000000000000000000000000000000000000000000000000000000101000000000000
0000000000000000000000000000000000000000000000000000000000100000000000000000000000000000000000000000000000000010000000000000000000000000000000000000000000000000000000000000000000000000000000000000000000000000000000
0000000000000000000000000000000000000000000000000000000000000100000000000000000000000000000000000000000000000000100000000000000000000000000000000000000000000000000000000000000000000000000000000000000000000000000000
0000100000000000000000000000000000000000000000000000000000010001001000000000000000000000000000000000000000000000000000000000000000000000000000000000000000000000000000000000000000000000000000000000000000000000000000
0000100000000000000000000000000000000000000000000000000000000001100000010000000000000000000000000000000000000000000000000000000000000000000000000000000000000000000000000000000000000000000000000000000000000000000000
0000010010000000000000000000000000000000000000000000000000100001110100000000000000000000000000000000000000000010000000000000000000000000000000000000000000000000000000000000000000000000000000000000000000000000000000
0000000000000000000000000000000000000000000000000000000000100000100100010000000000000000000000000000000000000000100000000000000000000000000000000000000000000000000000000000010000000000000000000000000000000000000000
0000100100000000000000000000000000000000000000000000000000011000000000000000000000000000000001000000000000000000000000000000000000000000000000000000000000000000011000000000000000000000000000000000000000000000000000
0001000100000000000000000000000000000000000000000000000000101000000000000000000000000000000001000000000000000000000000000000000000000000000000000000000000000000000000000000000000000000000000000000000000000000000000
0001000000000000000000000000000000000000000000000000000000110100000000000000000000000000000000000000000000000000000000000000000000000000000000000000000000000000000000000000000000000000000000000000000000000000000000
0000100000000000000000000000100000000000000000000000000000000100000000000000000000000000000000000000000000000000000000000000000000000000000000000000000000000000000000000000000000000000000000000000000000000000000000
0010100000000000000000000000000000000000000000000000000000100000000000000000000000000000000000000000000000000001000000000000000000000000000000000000000000000000000000000000000000000000000000000000000000000000000000
0010000000000000000000000000001000000000000000000000000000000000000000000000000000000000000001000000000000000000000000000000000000000000000000000000000000000000000000000000000000000000000000000000000000000000000000
0000010010000000000000000000000000000000000000000000000000010100000010000000000000000000000000000000001000101101010000000000000000000000000000000000000000000000000000000010000000000000000000000000000000000000000000
0000010010000000000000000000000000000000000000000000000000000000000010000000000000000000000000000000001000000100010000000000000000000001000000000000000000000000000000000000000000000000000000000000000000000000000000
0000000000000000000000000000000000000000000000000000000000100000000000000000000000000000000000000000000001000000010000000000000000000000000000000000000000000000000000000000000000000000000000000000000000000000000000
0000000000000000000000000000000000000000000000000000000000010000000010000000000000000000000000000000000000000000010000000000000000000000000000000000000000000000000000000000000000000000000000000000000000000000000000
0000000000000000000000000000000000000000000000000000000000100100000010000000000000000000000001000000000000000000010000100000000000000000000000000000000000000000000000000000000000000000000000000000000000000000000000
0000000000000000000000000000000000000000000000000000000000011100000010000000000000000000000000000000001000000001111000000000000000000000000000000000000000000000000000000000000000000000000000000000000000000000000000
0000000000000000000000000000000000000000000000000000000000000100000000000000000000000000000000000000000000000001100000000000000000000000000000000000000000000000000000000000000000000000000000000000000000000000000000
0000000000000000000000000000000000000000000000000000000000001000000000000000000000000000000000000000000000000001010000000010000000000000000000000000000000000000000000000000000000000000000000000000000000000000000000
0000000000000000000000000000000000000000000000000000000000100000000000000000000000000000000000000000001000000000000000000000000000000000000000000000000000000000000000000000000000000000000000000000000000000000000000
0000000000000000000000000000000000000000000000000000000000011000000000000000000000000000000001000000000000000000010000000000000000000000000000000000000000000000000000000000000000000000000000000000000000000000000000
0000100000000000000000000000000100000000000000000000000000001100000000000000000000000000000001000000000000000001010000000000000000000000000000000000000000000000000000000000000000000000000000000000000000000000000000
0000000000000000000000000000000000000000000000000000000000100100000010000000000000000000000001000000001000110100000000000000000000000000000000000000000000000000000000000000000000000000000000000000000000000000000000
0001000000000000000000000000000000000000000000000000000000100000000000000000000000000000000000000000000000000000000000000000000000000000000000000000000000000000000000000000000000000000000000000000000000000000000000
0000100000000000000000000000000000000000000000000000000000001000000010000000000000000000000000000000001001000101000000000000000000000000000000000000000000000000000000000000000000000000000000000000000000000000000000
0000000000000000000000000000000000000000000000000000000000110100000000000000000000000000000000000000000000000010001000000000000000000000000000000000000000000000000000000000000000000000000000000000000000000000000000
0000000000000000000000000000000000000000000000000000000010001100000000000000000000000000000001000000000000100001100000000000000000000000000000000000000000000000000000000000000000000000000000000000000000000000000000
0000000000000000000000000000000000000000000000000000000000000011000000000000000000000000000000000000000000000000010000000000000000000000000000000000000000000000000000000000000000000000000000000000000000000000000000
0000000000000000000000000000000000000000000000000000000000010000000100000000000000000000000000000000000000000000010000000000000000000000000000000000000000000000000000000000000000000000000000000000000000000000000000
0000000000000000000000000000000000000000000000000000000000100010000000000000000000000000000000000000000000000000010000000000000000000000000000000000000000000000000000000000000000000000000000000000000000000000000000
0000010010000000000000000000000000000000000000000000000000000000000000000000000000000000000000000000000000000000010000000000000000000000000000000000000000000000000000000000000000000000000000000000000000000000000000
0000000000000000000000000000000000000000000000000000000000000100000000000000000000000000000000000000000000000000011000000000000000000000000000000000000000000000000000000000000000000000000000000000000000000000000000
0000000000000000000000000000000000000000000000000000000000100100000000000000000000000000000000000000000000000000010000000000000000000000000000000000000000000000000000000000000000000000000000000000000000000000000000
0000000000000000000000000000000000000000000000000000000000100010000010000000000000000000000000000000000000000000000000000000000000000000000000000000000000000000000000000000000000000000000000000000000000000000000000
0001000000000000000000000000000000000000000000000000000000000110000000000000000000000000000000000000000000110100100000000000000000000000000000000000000000000000000000000000000000000000000000000000000000000000000000
0000000000000000000000000000000000000000000000000000000000000000000000000000000000001000000001000000000000000001000000000000000000000000000000000000000000000000000000000000000000000000000000000000000000000000000000
0000000000000000000000000000000000000000000000000000000000000100000010000000000000000000000000000000000000110100000000000000000000000000000000000000000000000000000000000000000000000000000000000000000000000000000000
0000000000000000000000000000000000000000000000000000000000110000010100000000000000000000000000000000000000000000111000000000000000000000000000100000000000000000000000000000000000000000000000000000000000000000000000
0000000000000000000000000000000000000000000000000000000000011000000010000000000000000000000000000000001000010001010000000000001000000001000000000000000000000000000000000000000000000000000000000000000000000000000000
0000000000000000000000000000000000000000000000000000000000010100000000000000000000000000000000000000000000000100000000000000000000000000000000000000000000000000000000000000000000000000000000000000000000000000000000
0000110010000000000000000000000000000000000000000000000000010100000000000000000000000000000000000000000000000101000000000000000000000000000000000000000000000000000000000000000000000000000000000000000000000000000000
0000000000000000000000000000000000000000000000000000000000010000000000000000000000000000000000000000000000000000000000000000000000000000000000100000000000000000000000000000000000000000000000000000000000000000000000
0000000100000000000000000000000000000000000000000000000000001000000000000000000000000000000000000000000000000000000000000000000000000000000000000000000000000000000000000000000000000000000000000000000000000000000000
0000000000000000000000000000000000000000000000000000000000001010000000000000000000010111011000000000000000000000000000000000000000000000000000000000000000000000000000000000000000000000000000000000000000000000000000
0000000000000000000000000000000000000000000000000000000000011000000000000000000000001000000001000000000000000000000000000000000000000000000000000000000000000000000000000000000000000000000000000000000000000000000000
0000000100000000000000000000000000000000000000000000000000001000000000000000000000000010001000000000000001000000010000000001000000000000000000000000000000000000000000000000000000000000000000000000000000000000000000
0000000000000000000000000000000000000000000000000000000000000000000000000000000000000000000000000000000001000000110000000000000000000000000000000000000000000000000000000000000000000000000000000000000000000000000000
