0000001000100010000000000000100000000000000001000000000000101000000000000000100010000000000000000010001000010100000100001001000110000000000001000000000000001000000000000000100010010010000000010000000000000000000000000000000000000000000100000000000
0010000000000000000000100010101000010100100001110001000000100010000000000100000000100001110000000001100000010000000100001010100000000010000001000101000000000100101010101000000000010000000000000000000110000001000101101011000000000000000000000001000
0000001101100000010000010000001000000001100000000000100100001100000000000000000000000000000011000010001000000100000000010001100110100001000000000110000100000000000001000000111001110010000100010010000001001101100000001101000000000000000100010000000
0000100000000100000000001100001000110000000000010000010000000000000000000000000000010000000000100000000000000000000001000000100000000000000000101010000000000000000000010000000000000100000010000000000000000000100000001010000000000010000000000000000
0000000000000000000000000001001000110010000100010000000000000100000000000000000000000000000010000000000000011000000000000000010000000000000000100010000100010010000000001001000000000000010001000000010010000100110000001011100000000000000010000000000
0001000001000000000000000000000001000000000000100000000000000101100000000000000000010000000011010000000000000000000100000001010000010100000000000010000100000000000000101010000000100000000000000100000000000000000000000000000000000000000000000000000
0001000001100000000000000000000000000000000010000000000010000000000000000000100000010000000000010000000000000000000000000000000000000000000000001010100100000000000000100000000000000000000001000000000000000000000000010000100000000000000001000000000
0001000000000000000000000000001000000000000000000100100000000010000000001000000000010000000000000000000010001000000000000000000100000010000010100010000000001001000000100010000000000000001001000000000001000001100000000000000000000000000000000010000
0000000000000000000000010001100000001000010000010000000000100000000100100000000010010001001000010000000000001000001000001000000001000000100000000001000000100000000100000110000000000000100001000000000000100000100111000000000000000001001000000000000
0000000000000000000000010000000000000000000000100010000000000100000000000000000100000010000000010010000000010000000110001000011000000000000000100000100000000000000000001000000000000000000000000000000001000000000000000110100000000000000000000001000
0100001000000001000000000001000000001000000110000010000000000100000000010000000000000000100001000100010000000000000000100000010000000100000100100010100000000000000000001001000000100000000000000000000010000000000000000010000000000000000001000100000
0001000000000000010000010000000000000000000000100010100000000100000000000000000000010000001000010000001000000000000100000000010010000000001010100000100000000100000000000000000000010000000100000000000000000000000000000010000000000000000000000001000
0000001000010000000000000000000000000000000010000000000000000100000000000000000000000000100000000000001000000000000000000001011000010010000010000010100010001000000100100000000000110000000101000000000010000000000000001000100000000010000000000000000
0000000001000000010001000000000000010000000000110000000000000000001100100000000000000000100010000000000000000000100001000000000100000000000000000000000000000100100010100000000010110000000001000000000000010000000101100000000000000000000000000001000
1000000001000000000100000000001000000000000000010100000000100000001100100000000000000000000010000000100000000000000000000011000100000000110000000000000000000010000000000000000001010000100010000000000010000000000101100000000000000000000000000101000
1010000000010000011000011000000000000000000001010000000000000000000000000000100000000000000000000000000000000011000000000000000000000000000001000000000100000010000010000000000001000000010000000100000000000000000001010000000000000000000000000000000
0011000000001000000000010000000000000101000000100001000000100000000000000000000000000001000000000000000000000001000000000000000000000000000001000000000100000100000000100000100000100000000000000000000000010000000000110101100000000000000000000000000
0010000000010000000000110000100000000000000000010001100000000000001000000000000000000001000000000001000000000001000000000000000001000000000001000010000000000100000010100000100000100000010001000000000100000001100100101111000000000000000000000000000
0000100000000011000000000000010000000000000000000000000000000001100000000000000010000001000000000000000000001001000000000100100001000000000000000000000000000010000010001000000000000010000000000000010000000000000101100000000000000000000000000001000
0000000000000000000000100000101000000010000000000010000000000000000000100000000000110000000000000000000000000000000000010000010000100000000000000010000000000010000000000000000000010010000001000000000100000000000100010101000000000000000100000001000
0000000000000000000000000000010010000000000000000010100100000000000000000000000000010001000000010000000000000000000000000000010000000000100100000010000000000010000010001000000000000000000000010000000000110000100001110101000000000001000000000001000
0000000000001000000000000000000010000000000000000000000100000000000000000000000000000000000000010000000001100000001000000000000000100000000000000000001000000000000000001000000000000000000000000000000010000010000010110000000000000000000000000001000
1001100000000000000000000000000000000000010000000001000000000000010000000000000010010000000000010000000000001000000000000010000000000000000000000000001000010000000000000000000000000000000010000000001000001001000110100000000000000000000000000000100
0101100000000000000000000000001000000000000000100010100000000000000000000000000000000000100000000000000000010000000000000000010001000000000001000000000000000100000000001000000000000000000000000000000010001001000000001001000000000000000000000000000
0101100000000000000000000000000000000000000000010010000000000000000000000000000000000000000000010000000000000000000000001000010000000000010000000000000000000000000000001000000000000000000010000000000010000100100000000011000000000000000000000000000
1000000000000000000000000000010000000000000000110010000000000000000000000000000010000000010000010000000000001101000000000010110000000000000000000000000000000110000000100100000000100000000001000000000110000000100101100000000000000000000000000001000
0000000000000000000000000000000000010100000000100000000000000000001000100010000000000000100000000000100000000100000000000000000001000000000001000000000000000100000000100000000010000000000000000000000000000000000000001010000000000000000000000001000
0000100000000000000000000000000000010000000000110011000000001000000000000000000000010000000000000001000000000000000000000000010000000000000000000000000000000100000000100000000000010000000000000000000000000000100000000000000000000000000000000001000
0001000000000000000000000000000000000000000000100010000000001000000000000000000000000000000000000000000000000000000000000000010000000000010000000000000000000000000000000000000000100000000000000100000010000101000100100000000000000000000000000000000
0011000001000000000000000000000000000000000000000000100000000000000000100000000000010000000000000000000000000000000000000000000000000010010000100010000000000000000000000100000000010101000000000000000000000000000001100000000000000000000000000000000
0010100000000000010000000000010000000100000000000100000000000000000000100000000000000001100010010001000011001001000000000000010000100010000000000010000000000000000010000000000000100000000001000000000000000001000010000000000000000000000000000001000
0000000001000000000000000010010000000100000000000000000000000000001000000000000010100000000000000000000000000000000000000000100001000010000000000010000000000000000000001000000010000000000001000000000001010001000001010000000000000000000000000000000
0000100000000010000000000000000000000100000100000001000000000010000000000000000000100001000010010000000000000001000000000000100000100000000000000010000000000000000010001000000000100000000000000000001010110000100001010101000000000000000000000000000
1000100000000000010000100000010000000100000000010000100000000000000000000000000000100000100000000000000000001000000000000000100000000000100000000010001000000010000000000000000000100000000000000000000001000001000010101011000000000000000000000000000
0000000000000000000000000000000000010000000000000010000000000000000000000000000000110000000000000000000000001001001000000000010000000010000000100000101010000100000000000000000000000000000000000000000001000000101000000000000000000001000000000000000
0000000000000000000000000000000000000110000001000000000100000000000000100000000000000001000000000000000000001000001000000000000000000000000000100010100010000000000010100000000001000000000010000000000000001000100000000001100000000001000000000000000
0000000001000000001000000000000000000000000000000001000000000100000000000000000000010000000000000000000000000001100000000000000000000010000000100000000000000010001000000000000000100100010001000100000001000000000000110001000000000000000000000001000
1001000000000000000000000010000000010000000100000001000000000100000000000000000000000000100000000000000000000000000000000000000000000000100010001000100000100010001000000100000000000001000000001000000000000000000000101001100000000000000000000000000
0001000000000000000000100010010000000000000000000000000000000100000000000001000000100000100000010000000000000011000000000000000000000000000000100000100000000010000000001000000000010000000001000000000100010010001101100000000000000000000000000000000
1001000000000000000000000000000000000110000000000000000000000100000000100000000000000000000000010000000000000100000000000000100001000000000000000000000000000101000000001100100010100011000000000000000000101001100011000000000000000000000000000001000
0000000000000000000000000000000000000000000000000010100000000100000000000000000000000000100000000000000000000000000000000000110000100000000000000000001000000000000000001000000000000000000001000000010000010000000110010110011111110000000000000000000
0000100000010000000000000000000000000100000100100000000000000100000000100000000000000000000000000000000001000010000000000010100001000000000000000000000000001000000000000100000010000000000000000000000100000001000101100000000000000000000000000001000
0001100000000000010000001000000000010000000000110011000000100000000000000000000000000000100001000000000000000000000000000000010000000000010001000010000000000000000000001000000000100011000000000000000000000000000000000000000000000000000000000001000
0000000000000000000000100000000000000000000000000001000000000000001000000000000000010000100010000001000000000000000000000000000000100000010000000000000100000010000000000000000000010001000000000000000101010000000010100000000000000000000000000001000
0001000000000000000100000000000000000000010100010001000100001000000000000000100000000000000000001000001000000100000000000000000000100000100000000000000000000000000000100000000010100010000010000000000101010000000010100000000000000000000000000000000
0001000000000000010000000000000000000000000100000000000000000000001000000000000000000000000010010001000000001000000000000000000000000010010000000000000000000000000000001000000000000000000011000000000001000000000101100000000000000000000000000000000
0001100001000000000000000000000000000000000100000000000000000000001000000000000000000000000000000001000000000000000000000000000000000010000000000000000000001001000000100000000010000000000000000000000000000000000000100000000000000001000000000000000
0001000000000000000000100100000000000000000000100000000000000000000000000000000000000000000000000000000001000010001000000000000000000000100000000010000000000100000000100000000000000010000010000000000100000000000010100000000000000000000000000000000
0000000000000000000100000000000000000000010000000000000000000000000000000000000000000000000000000000000000000000001000000000000000000000000000000000000000000000000000000000000010000000000000000000000000000000000000000000000000000000000000000000000
0000000000000000000000000000000000000000000000100000000000100000000000000000000000000000000000000000000000000000001000000001000000000000000001000000000000000000000000000000000000000000000000000000000000000000100000000000000000000001000000000001000
0000000000000000000000010000100000000000000000010000000000000000000000000000000000000000000000000000000000000000000000000000000000000000001000000000000000000000000000100010000000000000000000000000000000000000000000000000000000000000000000000001000
0000100000000000000000000000100000000010000000010011000000000100000000000000000000000000000001000000000000001001000000000000010000000000000000100000000000000000000000000000000001000000000000000000000001000000000000000000000000000000000000000000000
0001000000000000010000000000001000000000000000000000100000000000001000000000100000100000000000000000000000000000000000000010000000000000000000000000000000000000000000100000000010000000000000000000000001000000000000000000000000000000000000000000000
0000000000000010000000000000000000000000000000000000000000100000000000000000000000000000000001000000000000000000000000000000000000000000000001000000000010000000000000000000000000000000000000000000000000000000100000000000000000000000000000000000000
0000100000000000000000000000000000000000000000000000000000000000000100000000000000000001010000000000000000000000000000000000000000000000000000000000000000000100000010000100000000000000000000000000000000000000000000000000000000000000000000000000000
0011000000000000000000000000010000000010000100010000000000000000000000000000000000000000000010010000000000000000000000000000100000000000000000000000000000000000000000001000000000000000000010000000000011000000000100100000000000000000000000000000000
0001000000000000010000000000000000000000000000000000100000000000000000000000000000000000000010010000000000001000000000000000100000000000000000000000000000000100000000001000000010000000000000000000000000000000100010100000000000000000000000000000000
0000000000000000010000000000100000000000000000000000000000000100000000000000000000000000000000000000000000000000001000000000000001000010000000000010000000000000000000001000000000100000000000000000000000000000000000000000000000000000000000000000000
0001000000000000010000000000001000010000000100000000100000000000000100000000000000000000000000000000000000001000000000000010000000000010000000000000000000000000000000000010000010100000000000000000000000000001000000000000000000000000000000000000000
0001100000000000000000000000000000000100000100000000000000000000000100100000000000100000000000010000000000000001000000000000000000000000010000100000100000000000000000100000000000010001000000000000000000000000000100100000000000000001000000000000000
1000000000000000000000000000100000000000000000100001000000000000000000000000000000000000000000000000000000000001000000000000100000000000000000000000000010000000000000100000000010000000000000000000000000000001000000000000000000000000000000000000000
0001000000000000010000000000100000010000000100100000100000000000000000000000000000000000000000000000000000001000000000000000000001000000000000000000000000000000000000000000000010000000000000000000000000000000000000000000000000000000000000000000000
0000000000000000000000000000000000010110000000100001000000000000000100100000000000000000000000000000000000000000000000000000000000000000000000000000000000000000000000000000000000000000000000000000000010000000000000000000000000000000000000000000000
1000100000001000000000000000000000000000000000000000000000000000000000000000000000000000000000010000000000000000000000000010000000000010000000000000000000000000000000000000000000000000000000000000000010000000001000000101000000000000000000000000000
1000100000000000000000000000000000010000000100000010000000000000010000000000000000000000000000110000000000001000000000000010010000000000000000000000000000000000000000001000000000000000000000000000000001000010000000000000000000000000000000000000000
0000000000000000000000000000100000000010000000000010000000000000000000000000000000000001000001000000000000000000000000000000010000000000000000000010000000000000000010001110000010000001000000000000000000000000000000000000000000000000000000000000000
0000000000000000000000000000000000000000000000000010000000000000000000000000100000000001000000000000000000000001000000000000010000000000000001000000000000000000000010100100000000000001000000000000000000000000000000000000000000000001000000000000000
0000000000000000000000000000001000000100000000000000000000000000000000100000000000000000000001000000000000000001001000000000000000000000000000000000000000000100000000001000000000000000000000000000000000000000100000000000000000000000000000000000000
0000000000000000000000000000000000010100000000000000100000000000001000100000100000000000000000000000000000001000000000000000000000000000000001000000000000000000000000001000000000000000000000000000000000000000100000000000000000000001000000000000000
0000000000000000000100000000000000000100000000110000100000100000000000100000000000000000000000000000000000000000000000000000000000000000000000000000000010000000000000000000000000100000000000000000000010000000000000000000000000000000000000000000000
0000000000000000000100000000000000000100000000010000100000000000000000100000000000000000000000000000000000001001000000000000000000000000000001000000000000001000000000000000000000100000000000000000000000000000000000000000000000000000000000000000000
0000000000000000000000000010100000000010000000000000000000000000000000000000000000000001000001010000000000000100000000000000000000000000000000000010000000000000000000001100000010000010000000000000000001000000000000000000000000000000000000000001000
0000100000000000000000000000101000000000000000000010000100001000000000000000000000000001000000010000001000001100001000000000010001000000000000000000000000000000000010000100000001000011000000000000000000001000000000000000000000000000000000000001000
1000000000000000000000000000000000000100000000000000000000100000000000000000000000000001000000000000000000000000000000000000000000000000000000000000000000000100000000000000100000000000000000000000000000000000000000000000000000000001000000000000000
1000100000000000000100000000000000000100000000100000000010000000000000000000000000000000000000000000001000000000000000000000000000000000000001000010000000001100000010001000000000000000000000000000000000000000000000000000000000000000000000000000000
0000000000000000000000000000000000000100010000000000000000000000000100000000000000000000000000000000000000000000000000000000000000000000000000000000000000000000000000000000000000000000000000000000000000000000000000000000000000000000000000000000000
0001000000000000000000000000001000000100000000000000000000000000000000100000000000000000000000000000000000000001000000000000000000000000000000000000000000000000000000000000000000000000000000000000000000000000000000000000000000000000000000000000000
0100000000000000000000000000000000010000010101010000000000000000000000000000000000100010000000000000000000000000100000000010000000000010010000000000000000000000000000000000000000000000000000000000000001000000000000001000100000000000000000000000000
1000000001000000010000000000000000000000000000100001100000000000001000000000000000000000000010000000000000001000000000000000000000000010000001000000000000000000000000100000000000010000000000000000000001000000000000000000000000000000000000000001000
0001100000000000000000000000000000000100010100000000100000000000000000100000000000000001000000000001000000000000000000000000000000000000000000000010000000000000000000000000000000010000000000000000000000000000000000000000000000000000000000000000000
0000000001000000000000000010000000000100000100010000000000000000000000100000000000000001000010000000000000000000000000000000000000000000000000000010000000000000000000001010000000110000000000000000000000000001000000000000000000000000000000000001000
1000000000000000010000000000000000010100000100010010100000000000010000000000000000000000000000000000000000100000000000000000010000000010010000000010000000000000000010000000000000000000000000000000000001000000000000000000000000000000000000000000000
0000000000000000000000000000000000000000010000010000000000000100000000000000000000000000000000000000000000000000000000000010010000000010010000000000000000000000000000000000000000000000000000000000000000000010000000000101000000000000000000000000000
0000000000000000010000000000000000010000010100000000000000000000000100000000000000100000000000000000000000000000000000000010010000000010000000000000100000001000000000000000000010010001000000000000000000000000100000000000000000000000000000000000000
0000000000000000000000000000000000000000000000010000000000000100000000000000000000000000000000000000000000100000000000000000010000000000000000000000100000010000000000000000000000000001000000000000000000000100000000000000000000000000000000000000000
0000000000000000010000000000000000010000000000010000000000000000010000000000000000000000000000000000000000000000000000000000000000000000000000000000000000000000000000000000000000000001000000000000000001000000000000000101000000000000000000000000000
1000000000000000000000000000000000000000000000000000000000000000000100000000100000100000000000000000000000001000000000000000000001000010000000000000000000000000000000000000000010010001000000000000000001000000000000000000000000000000000000000000000
0000000000000000010000000000000000000000010000000000000000000000000100000000000000000000000000000000000000000000000000000010000000000000000000000000000000001000000000000000000000000000000000000000000011000000000000000000000000000000000000000000000
0100000000001000000000000000000000010000000000000010000000000100000000000000000000000000000000010000000000000000000000000000000000000010000000000000000000000000000000000000000000000000000000000000000000000000000000001000000000000000000000000000000
0100000000001000000000000000000000010000000000000000000000000100000000000000000000000000000000000000000000100000000010000000010000000000000000000000000000000000000000000000000000000000000000000000000000000000000000000101000000000000000000000000000
0000000000000000000000000000000000000000000000000000000000000000000000000000000000000000000000000000000000000000000000000000000000000000010000000000000000010000000000000000000000000000000000000000000000000000000000001010000000000000000000000000000
0100000000000000000000000000000000000000000000000000000000000000000000000000000000000000000000000000000000100000000000000010000000000000000000000000000000000000000000000000000000000000000000000000000000000000000000000110000000000000000000000000000
0100000000000000000000000000000000000000000000000000000000000000000000001000000000000000000000000000000000000000000000000010000000000000000000000000000000000000000000000000000000000000000000000000000000000000000000000110000000000000000000000000000
0000100000000000000000000010000000000000000000000001000000000000000100000000000000100000000010000001000000000000001000000000000000000000000000000000000000000000000000000000000010010001000010000000000010000001100000000000000000000000000000000000000
0000000001000000000000000000000000000000000000000000000000000000000000000000000000000000000010000001000000000001001000000000000000000000000000000000000000000000000000000000000000000000000000000000000000000000000000000000000000000000000000000001000
1000000000000000000000000010000000000000000000000000000000000000000000000000100000100000000000000000000000000000000000000000000000000000000000000000000000000000000000000000000000000000000000000000000000000000000000000000000000000000000000000000000
0000000000000000000000000010000000010010000000010000000000000000000100000000000000100000000010010001000000000000000000000000000000000000000000000000000000000000000000000000000010010001000000000000000000000000000000000000000000000000000000000000000
0000000000000000000000000010000000000000000000010000000000000000000000000000000000000000000000010000000000000000000000000000000000000000000000000000000000000000000000000000000010000000000000000000000000000000000000000000000000000000000000000000000
0000100000000000000000000000000000000000000000000001000000000000001100000000000000100000000010000000000000000001000000000000000000000000000000000000000000000000000000000000000010010001000000000000000010000001000000000000000000000000000000000000000
0000000000000000000000000000000000000000000000000001000000000000001000000000100000000000000010000000000000000000000000000000000000000000000000000000000000000100000000000000000010000000000000000000000010000001100000000000000000000000000000000000000
1000000000000000000000000000000000000000000000000000000000000000000000000000000000000000000000000000000000000000000000000000000001000000000000000000000000000000000000000000000000000000000000000000000000000000000000000000000000000000000000000000000
0000000000000000000000000000000000000010010000010000000000000000000000000000000000100000000000000000000000000000000000000000000001000000000000000000000000000000000000000000000000000000000000000000000000000000000000000000000000000000000000000000000
0000000000000000000000000000000000000000000000000001000000000000001000000000100000000000000010000001000000000000000000000000000000000000000000000000000000001100000000000000000010000000000010000000000000000001100000000000000000000000000000000000000
1000000001000000000000000000000000000000000000000000000000000000000000000000100000000000000010000000000000000000000000000010100000000000000000000000000000001000000000000000000010000000000000010000000000000000000000000000000000000000000000000001000
0000000000000000000000000000000000000000000000000010000000000000000000000001000000000000000000010000000000000001000000000000010000000000000000000000000000000000000000000000000000000000000010000000000000000100000000000110000000000000000000000000000
0000000000000000000000000000000000010000000000000000000000000000000000000000000000000000000000000000000000000000000000000000000000000000000000000000000000000000000000100000000000000000000000000000000000000000000000000000000000000000000000000000000
0000000000001000000000000000000000000000000000000000000000000000000000000000000000000000000000010000000000000001001000000000000000000000000000000000000000000100000000000000000010000000000000000000000000000000000000000101000000000000000000000000000
0100000000000000000000000000000000000000000000100010000000000000000000010000000000000000000000000000000000000000000000010000010000000000000000000000000000010000000000000000000000000000000000000000000000000000000000000000100000000000000000000000000
0000000000000000000000000000000000000000000000000000000000000000000000000001100000000000000000000000010000000000000000000000000000000000000000000000000000000000000000000000000000000000000000000000000000000000000000000011000000000000000000000000000
0000000000000000000000000000000000000000000000000000000000000000000000000001000000000000000000000000000000000000000000000000000000000000000000000000000000001000000000000000000000000000000000000010000000000000000000000101000000000000000000000000000
0000000000000000000100000000000000000000000000000000000000000000000000000000000000000000000000000000000000000000000000000000000000000000000000000000000010000000000000000000000000000000000000000000000000000000000000000010000000000000000000000000000
1000000000000000000000000010000000000000000000000000000000000000000000000000000000100000000000000000000000000001000000000010000000000000000000000000000010000000000000000000000000000000000000000000000000000000000000000000000000000001000000000001000
0000000000000000000000000000000000000000000000000001000000100000000000000000000000000000000000000000000000000000000000000000000000000000000000000000000000000000000000000000000000000000000010000000000000000000000000000000000000000000000000000000000
0000000000000000000100000000000000000000000000000000000000100000000000000000000000000000000000010000000000000000000000000000000000000000000000000000000000000000000000000000000000000000000000000000000010000000000000000000000000000000000000000000000
0000000000000000000000000000000000000000000000000000000000100000000000000000000000000000000000010000000000000000000000000000000000000000000000000000000000000000000000000000000000000000000000000000000000000000100000000000000000000001000000000000000
0000100000000000000000000000000000000000000000000001000000000000000000000000000000000000000000000000000000001000000000000000000000000000000000000000000010000000000000000000000000000000000000000000000000000000000000000000000000000000000000000000000
0000000000000000000000000000000000000000000000000000000000000000000000000000000000000000000000000000000000000000000000000000000000000000000000000000000000000000000000000000000000000000000000000000000000000000000000000000000000000001000000000000000
0000000000000000000100000000000000000000000000000000000000000000000000000000000000000000000000000000000000000000000000000000000000000000000000000000000000000000000000000000000000000000000000000000000000000000000000000000000000000000000000000000000
0000000000000000000000000000000000000000000000000000000000100000000000000000000000000000000000000000000000000000000000000000000000000000000000000000000000000000000000000000000000000000000000000000000000000000000000000000000000000000000000000000000
0000000000000000000000000000000000000000000000000000000000100000000000000000000000000000000000000000000000000000000000000000000000000000000000000000000000000000000000000000000000000000000000000000000000000000000000000000000000000001000000000000000
0000000000000000000000000000000000010000010000000000000000000000000000000000000000000000000000000000000000000001000000000000000000000000000000000000000000000000000000000000000000000000000000000000000000000000000000000000000000000000000000000000000
1000000000000000000001000000000000000000000000000000000000000000000000000000000000000000000000000000000000000000000000000010100000000000000000000000000000000000000000000000000000000000000000000000000000000000000000000000000000000000000000000000000
1000000000000000000000000000000000000000000000000000000000000000000000000000000010100000000000000000000000000000000000000010100000000000010000000000000000000000000000000000000010010001000000000000000000000000000000000000000000000000000000000000000
0000000000000000000000000000000000000000000000000000000000000000000000000000000000000000000000000000000000000000000000000000100001000000000000000000000000000000000000000000000000000000000000000000000000000000000000000000000000000000000000000000000
0000000000000000000000000000000000000000000000000000000000000000000000000000000000000000000000000000000000000000000000000000000000000000000000000000000000000000000000000000000000000000000000000000000000000000000000000000000000000000000000000000000
0000000000000000000000000100000000000000010000000000000000000000000000000000000000000000000000000000000000000000000000000000000000000000000000000000000000000000000000000000010000000000000000000000000000000000000000000000000000000000000000000000000
0000000000000000000000000000000000000000000000000000000000000000000000000000000000000000000000000000000000000000000000000000000000000000000000000000000000000000000000000000000000000000000000000000000000000000000000000000000000000000000000000000000
0000000000000000000000000000000000000000000000000000000000000000000000000000000000000000000000000000000000000000000000000000100000000000000000000000000000000000000000000000000000000000000000000000000000000000000000000000000000001000000000000000000
1000000000000000000000000000000000000000000000000000000000000000000000000000000000000000000000000000000000000000000000000010100001000000000000000000000000000000000000000000000000000000000000000000000000000000000000000000000000000000000000000000000
1000000000000000000000000000000000000000000000000000000000000000000000000000000000000000000000000000000000000000000000000010100000000001000000000000000000000000000000000000000000000000000000000000000000000000000000000000000000000000000000000000000
0000000000000000000000000000000000000000000000000000000100001000000000000000000000000000000000000000001000000100000000000000000000000000000000000000000000000000000000000000100001000010000000000000000000001000000000000000000000000000000000000000000
0000000000010000000000000000000000000000000000000000000000000000000000000000000000000000000000000000000000000000000000000000000000000000000000000000000000000000000000000000000000000000000010000000000000000100000000000000000000000000000000000000000
0000000000000000000000000000000000000000000000000000000000000000000000000000000000000000000000000000000000000000000000000000000000000000010000000000000000000000000000000000000000000000000000010000000000000000000000000000000000000000000000000001000
0000000000000000000000000000000000000000000000000000000000000000000000000000000000000000000000100000000000000000000000000000100000000000000000000000000000000000000000000000000000000000000000000000000000000000000000000000000000000000000000000000000
0000000000000000000000000000000000000000000000000000000000000000000000000000000010100000000000000000000000000001000000000000000000000000010000000000000000000000000000000100000000010000000000000000000000000000000000000000000000000000000000000000000
0000000001000000000000000000000000010000000000000010000000000000000000000000000010000000000010000000000000000000000000000000010000000000000000000000000000000000000000000100000000000001000000000000000000000000000000000000000000000000000000000000000
0000000000000000000000000000000000000000000000010000000000000000000000000000000000000000000000000000000000000000000000000000000000000000000000000000000000000000000000000000000000000000000000000000000000000000000000000000000000000000000000000001000
0000000000000000000000000000000000000000000000000000000000000000000000000000000000000000000010000000000000000000000000000000000000000000000000000000000000000000000000000000000000000000000000000000000000000000000000000000000000000000000000000001000
0000000000000000000000000000000000000000000000000000000000000000000000000000000000000000000000000001000000000000000000000000100000000000000000000000000000000000000000000000000000000000000000000000000000000000000000000000000000000000000000000000000
0000000000000000000000000000000000000000000000000000000000000000000000000000000000000000000000000000000000000000000000000000100000000000010000000000000000000000000000000000000000000000000000000000000000000000000000000000000000000000000000000000000
0000000001000000000000000000000000000000000000000000000000000000000000000000000010000001000010000000000000000000000000000000000000000000000000000000000000000000000010000100000000000001000000000000000000000000000000000000000000000000000000000000000
0000000000000000000000000000000000000000000000000000000000000000000000000000000000000000000000000000000000000000000000000000000000000000000000000000000000000000000000000000000000000000000000000000000000000000000000000000000000000000000000000001000
0000100001000000000000000000000000000000000000000000000000000000000000000000000000000000000010000000000000000000000000000000100000000000000000000000000000000000000000000000000000010000000000000000000000000000000000000000000000000000000000000000000
0000100001000000000000000000000000000000000000000000000000000000000000000000000000100000000010000001000000000000000000000000100000000000000000000000000000000000000000000000000000000000000000000000000000000000000000000000000000000000000000000000000
0000000001000000000000000000000000000000000000000001000000000000001000000000000000000000000010000001000000000000000000000000000000000000010000000000000000000000000000000000000000000000000000000000000010000000100000000000000000000000000000000000000
0000000001000000000000000000000000000000000000000000000000000000000000000000000000000001000010000000000000000000000000000000000000000000000000000000000000000000000010000000000000000000000000000000000000000000000000000000000000000000000000000000000
0000000000000000000000000000000000000000000000000000000000000000000000000000100000000000000000100000000000000000000000000000000000000000000000000000000000000000000000000000000000000000000000000000000000000000000000000000000000000000000000000000000
0000000000000000000000000000000000000000000000100000000000000000000000000000100000000000000000100000000000000000000000000000000000000000000000000000000000000000000000000000000000000000000000000000000000000000000000000000000000000000000000000000000
0000000000000000000000000000000000000000000000000000000000000000000000000000000000000000000000100000000000000000000000000000000000000000000000000000000000001000000000000000000000000000000000000000000000000000000000000000000000000000000000000000000
0000000000000000000000000000000000000000000000100000000000000000000000000000000000000000000000100000000000000000000000000000000000000000000000000000000000001000000000000000000000000000000000000000000000000000000000000000000000000000000000000000000
0000000000000000000000000000000000000000000000100000000000000000000000000000100000000000000000100000000000000000000000000000000000000000000000000000000000001000000000000000000000000000000000000000000000000000000000000000000000000000000000000000000
0000000000000000000000000000000000000000000000000000000000000000000000000000100000000000000000100000000000000000000000000000000000000000000000000000000000001000000000000000000000000000000000000000000000000000000000000000000000000000000000000000000
0000000000000000000000000010000000000000000000000000000000000000000000000000000000000000000000000000000000000000000000000000000000000000000000000000000000000000000000000000000000000000000000000000000000000000000000000000000000000000000000000000000
0000000000000000000000000010000000000000000000000000000000000000000000000000000000000000000000000000000000000000000000000000000000000000000000000000000000000000000000000000000000000000000010000000000000000000000000000000000000000000000000000000000
0000000001000000000000000000000000000000000000000001000000000000000000000000000000000000000010000000000000000000000000000000000000000000000000000000000000000000000000000000000000010000000000000000000000000000100000000000000000000000000000000000000
0000000000000000000000000000000000000000000000000000000000000000000000000001100000000000000000000000000000000000000000000000000000000000000000000000000000001000000000000000000000000000000000000000000000000000000000000000000000000000000000000000000
0000000000000000000000000000000000000000000000100000000000000000000000000001100000000000000000000000000000000000000000000000000000000000000000000000000000001000000000000000000000000000000000000000000000000000000000000000000000000000000000000000000
0000000000000000000000000000000000000000000000100000000000000000000000000001000000000000000000000000000000000000000000000000000000000000000000000000000000001000000000000000000000000000000000000000000000000000000000000000000000000000000000000000000
0000000000000000000000000000000000000000000000100000000000000000000000000001100000000000000000000000000000000000000000000000000000000000000000000000000000000000000000000000000000000000000000000000000000000000000000000000000000000000000000000000000
