000000000000000000000000000000067000000000000000500000003000708-2111111111111111111111111111111111111111111111111111111111111111
0000000000000000000000000000000700000000000000005300000005100000382651280111111111111111111111111111111111111111111111111111111111111111
00000000000000000000000000000006000000000000000000000007787000000000111111111111111111111111111111111111111111111111111111111111111
100101100110100110010110011010010110100110010110011010011001011011010011001011001101001100101101001011001101001100101100110100
110000110011110011000011001111001100001100111100110000110011110001111001100001100111100110000110011110011000011001111001100001
100110011001100101100110011001101001100110011001011001100110011011001100110011010011001100110010110011001100110100110011001100
110000110011110011000011001111001100001100111100110000110011110001111001100001100111100110000110011110011000011001111001100001
010110101010010110100101010110100101101010100101101001010101101101001010101101001011010101001011010010101011010010110101010010
010110101010010110100101010110100101101010100101101001010101101101001010101101001011010101001011010010101011010010110101010010
001100110011001111001100110011000011001100110011110011001100110110011001100110000110011001100111100110011001100001100110011001
100101101001011010010110100101101001011010010110100101101001011011010010110100101101001011010010110100101101001011010010110100
011010010110100110010110100101100110100101101001100101101001011100101101001011001101001011010011001011010010110011010010110100
100110011001100101100110011001101001100110011001011001100110011011001100110011010011001100110010110011001100110100110011001100
011010010110100110010110100101100110100101101001100101101001011100101101001011001101001011010011001011010010110011010010110100
110011000011001100110011110011001100110000110011001100111100110001100111100110011001100001100110011001111001100110011000011001
110000110011110011000011001111001100001100111100110000110011110001111001100001100111100110000110011110011000011001111001100001
011010011001011001101001100101100110100110010110011010011001011100101100110100110010110011010011001011001101001100101100110100
101001011010010101011010010110101010010110100101010110100101101010110100101101010100101101001010101101001011010101001011010010
011010010110100110010110100101100110100101101001100101101001011100101101001011001101001011010011001011010010110011010010110100
100110011001100101100110011001101001100110011001011001100110011011001100110011010011001100110010110011001100110100110011001100
101001011010010101011010010110101010010110100101010110100101101010110100101101010100101101001010101101001011010101001011010010
101001010101101010100101010110101010010101011010101001010101101010110101010010101011010101001010101101010100101010110101010010
101001010101101010100101010110101010010101011010101001010101101010110101010010101011010101001010101101010100101010110101010010
101001010101101010100101010110101010010101011010101001010101101010110101010010101011010101001010101101010100101010110101010010
101001010101101010100101010110101010010101011010101001010101101010110101010010101011010101001010101101010100101010110101010010
101001010101101010100101010110101010010101011010101001010101101010110101010010101011010101001010101101010100101010110101010010
101001010101101010100101010110101010010101011010101001010101101010110101010010101011010101001010101101010100101010110101010010
101001010101101010100101010110101010010101011010101001010101101010110101010010101011010101001010101101010100101010110101010010
001111001100001111000011001111000011110011000011110000110011110110000110011110000111100110000111100001100111100001111001100001
111100000000111100001111111100001111000000001111000011111111000000011111111000011110000000011110000111111110000111100000000111
010110101010010110100101010110100101101010100101101001010101101101001010101101001011010101001011010010101011010010110101010010
101010100101010101010101101010101010101001010101010101011010101010101011010101010101010010101010101010110101010101010100101010
010110100101101001011010010110100101101001011010010110100101101101001011010010110100101101001011010010110100101101001011010010
001100110011001111001100110011000011001100110011110011001100110110011001100110000110011001100111100110011001100001100110011001
001100111100110000110011110011000011001111001100001100111100110110011000011001111001100001100111100110000110011110011000011001
011001101001100110011001011001100110011010011001100110010110011100110010110011001100110100110011001100101100110011001101001100
001100111100110000110011110011000011001111001100001100111100110110011000011001111001100001100111100110000110011110011000011001
111100000000111100001111111100001111000000001111000011111111000000011111111000011110000000011110000111111110000111100000000111
001111001100001111000011001111000011110011000011110000110011110110000110011110000111100110000111100001100111100001111001100001
001111001100001111000011001111000011110011000011110000110011110110000110011110000111100110000111100001100111100001111001100001
111111110000000011111111000000001111111100000000111111110000000000000001111111100000000111111110000000011111111000000001111111
110011000011001100110011110011001100110000110011001100111100110001100111100110011001100001100110011001111001100110011000011001
000000001111111111111111000000000000000011111111111111110000000111111110000000000000000111111111111111100000000000000001111111
111100000000111100001111111100001111000000001111000011111111000000011111111000011110000000011110000111111110000111100000000111
000000001111111111111111000000000000000011111111111111110000000111111110000000000000000111111111111111100000000000000001111111
010110101010010110100101010110100101101010100101101001010101101101001010101101001011010101001011010010101011010010110101010010
101010100101010101010101101010101010101001010101010101011010101010101011010101010101010010101010101010110101010101010100101010
010110101010010110100101010110100101101010100101101001010101101101001010101101001011010101001011010010101011010010110101010010
101010100101010101010101101010101010101001010101010101011010101010101011010101010101010010101010101010110101010101010100101010
100110011001100101100110011001101001100110011001011001100110011011001100110011010011001100110010110011001100110100110011001100
011010010110100110010110100101100110100101101001100101101001011100101101001011001101001011010011001011010010110011010010110100
010110101010010110100101010110100101101010100101101001010101101101001010101101001011010101001011010010101011010010110101010010
001111001100001111000011001111000011110011000011110000110011110110000110011110000111100110000111100001100111100001111001100001
101010100101010101010101101010101010101001010101010101011010101010101011010101010101010010101010101010110101010101010100101010
110011000011001100110011110011001100110000110011001100111100110001100111100110011001100001100110011001111001100110011000011001
110000111100001100111100001111001100001111000011001111000011110001111000011110011000011110000110011110000111100110000111100001
010101010101010110101010101010100101010101010101101010101010101101010101010101001010101010101011010101010101010010101010101010
101001011010010101011010010110101010010110100101010110100101101010110100101101010100101101001010101101001011010101001011010010
100101100110100101101001100101101001011001101001011010011001011011010011001011010010110011010010110100110010110100101100110100
010110101010010110100101010110100101101010100101101001010101101101001010101101001011010101001011010010101011010010110101010010
001111001100001111000011001111000011110011000011110000110011110110000110011110000111100110000111100001100111100001111001100001
101010100101010101010101101010101010101001010101010101011010101010101011010101010101010010101010101010110101010101010100101010
001100110011001111001100110011000011001100110011110011001100110110011001100110000110011001100111100110011001100001100110011001
111111111111111100000000000000001111111111111111000000000000000000000000000000011111111111111110000000000000000111111111111111
111100000000111100001111111100001111000000001111000011111111000000011111111000011110000000011110000111111110000111100000000111
111100000000111100001111111100001111000000001111000011111111000000011111111000011110000000011110000111111110000111100000000111
010101011010101001010101101010100101010110101010010101011010101101010100101010110101010010101011010101001010101101010100101010
010110101010010110100101010110100101101010100101101001010101101101001010101101001011010101001011010010101011010010110101010010
101001010101101010100101010110101010010101011010101001010101101010110101010010101011010101001010101101010100101010110101010010
101001010101101010100101010110101010010101011010101001010101101010110101010010101011010101001010101101010100101010110101010010
010110100101101001011010010110100101101001011010010110100101101101001011010010110100101101001011010010110100101101001011010010
010101011010101001010101101010100101010110101010010101011010101101010100101010110101010010101011010101001010101101010100101010
010101010101010110101010101010100101010101010101101010101010101101010101010101001010101010101011010101010101010010101010101010
101001011010010101011010010110101010010110100101010110100101101010110100101101010100101101001010101101001011010101001011010010
101001011010010101011010010110101010010110100101010110100101101010110100101101010100101101001010101101001011010101001011010010
010101010101010110101010101010100101010101010101101010101010101101010101010101001010101010101011010101010101010010101010101010
101001011010010101011010010110101010010110100101010110100101101010110100101101010100101101001010101101001011010101001011010010
010101010101010110101010101010100101010101010101101010101010101101010101010101001010101010101011010101010101010010101010101010
110011000011001100110011110011001100110000110011001100111100110001100111100110011001100001100110011001111001100110011000011001
100101100110100101101001100101101001011001101001011010011001011011010011001011010010110011010010110100110010110100101100110100
110011001100110011001100110011001100110011001100110011001100110001100110011001100110011001100110011001100110011001100110011001
001111000011110000111100001111000011110000111100001111000011110110000111100001111000011110000111100001111000011110000111100001
001100110011001111001100110011000011001100110011110011001100110110011001100110000110011001100111100110011001100001100110011001
001111000011110000111100001111000011110000111100001111000011110110000111100001111000011110000111100001111000011110000111100001
001100110011001111001100110011000011001100110011110011001100110110011001100110000110011001100111100110011001100001100110011001
110000111100001100111100001111001100001111000011001111000011110001111000011110011000011110000110011110000111100110000111100001
011010010110100110010110100101100110100101101001100101101001011100101101001011001101001011010011001011010010110011010010110100
101001011010010101011010010110101010010110100101010110100101101010110100101101010100101101001010101101001011010101001011010010
101001011010010101011010010110101010010110100101010110100101101010110100101101010100101101001010101101001011010101001011010010
011010010110100110010110100101100110100101101001100101101001011100101101001011001101001011010011001011010010110011010010110100
010101010101010110101010101010100101010101010101101010101010101101010101010101001010101010101011010101010101010010101010101010
011001100110011001100110011001100110011001100110011001100110011100110011001100110011001100110011001100110011001100110011001100
010101010101010110101010101010100101010101010101101010101010101101010101010101001010101010101011010101010101010010101010101010
001100110011001111001100110011000011001100110011110011001100110110011001100110000110011001100111100110011001100001100110011001
101001010101101010100101010110101010010101011010101001010101101010110101010010101011010101001010101101010100101010110101010010
101001010101101010100101010110101010010101011010101001010101101010110101010010101011010101001010101101010100101010110101010010
010101011010101001010101101010100101010110101010010101011010101101010100101010110101010010101011010101001010101101010100101010
010110101010010110100101010110100101101010100101101001010101101101001010101101001011010101001011010010101011010010110101010010
000011110000111111110000111100000000111100001111111100001111000111100001111000000001111000011111111000011110000000011110000111
101001010101101010100101010110101010010101011010101001010101101010110101010010101011010101001010101101010100101010110101010010
010110101010010110100101010110100101101010100101101001010101101101001010101101001011010101001011010010101011010010110101010010
101010100101010101010101101010101010101001010101010101011010101010101011010101010101010010101010101010110101010101010100101010
000000001111111111111111000000000000000011111111111111110000000111111110000000000000000111111111111111100000000000000001111111
101001011010010101011010010110101010010110100101010110100101101010110100101101010100101101001010101101001011010101001011010010
111100001111000011110000111100001111000011110000111100001111000000011110000111100001111000011110000111100001111000011110000111
111100001111000011110000111100001111000011110000111100001111000000011110000111100001111000011110000111100001111000011110000111
010110101010010110100101010110100101101010100101101001010101101101001010101101001011010101001011010010101011010010110101010010
111100000000111100001111111100001111000000001111000011111111000000011111111000011110000000011110000111111110000111100000000111
101001011010010101011010010110101010010110100101010110100101101010110100101101010100101101001010101101001011010101001011010010
010110101010010110100101010110100101101010100101101001010101101101001010101101001011010101001011010010101011010010110101010010
010110101010010110100101010110100101101010100101101001010101101101001010101101001011010101001011010010101011010010110101010010
