675378-2
7053510382651280
60778700000
101111
001110
010011
001110
011101
011101
010010
000111
010111
010011
010111
011010
001110
001111
010101
010111
010011
010101
001101
001101
001101
001101
001101
001101
001101
011110
011100
011101
011001
000101
010010
001010
011011
001010
011100
011110
011110
001000
011010
011000
011100
011000
011101
011001
011101
011001
010011
010111
011101
011110
011001
011010
010110
010001
010101
011111
011101
011110
011001
010010
010000
011100
011100
001001
011101
001101
001101
000101
001001
010001
010101
010101
010001
010101
010001
011010
011111
000010
000110
010010
000110
010010
010110
010111
010101
010101
010111
010001
000011
010001
010010
001101
001101
001001
011101
010100
001101
011101
011001
011000
010101
000100
000100
011101
011100
010101
011101
011101

