000000000000000000000000000000067000000000000000500000003000708-2
0000000000000000000000000000000700000000000000005300000005100000382651280
00000000000000000000000000000006000000000000000000000007787000000000
100101100110100110010110011010010110100110010110011010011001011
110000110011110011000011001111001100001100111100110000110011110
100110011001100101100110011001101001100110011001011001100110011
110000110011110011000011001111001100001100111100110000110011110
010110101010010110100101010110100101101010100101101001010101101
010110101010010110100101010110100101101010100101101001010101101
001100110011001111001100110011000011001100110011110011001100110
100101101001011010010110100101101001011010010110100101101001011
011010010110100110010110100101100110100101101001100101101001011
100110011001100101100110011001101001100110011001011001100110011
011010010110100110010110100101100110100101101001100101101001011
110011000011001100110011110011001100110000110011001100111100110
110000110011110011000011001111001100001100111100110000110011110
011010011001011001101001100101100110100110010110011010011001011
101001011010010101011010010110101010010110100101010110100101101
011010010110100110010110100101100110100101101001100101101001011
100110011001100101100110011001101001100110011001011001100110011
101001011010010101011010010110101010010110100101010110100101101
101001010101101010100101010110101010010101011010101001010101101
101001010101101010100101010110101010010101011010101001010101101
101001010101101010100101010110101010010101011010101001010101101
101001010101101010100101010110101010010101011010101001010101101
101001010101101010100101010110101010010101011010101001010101101
101001010101101010100101010110101010010101011010101001010101101
101001010101101010100101010110101010010101011010101001010101101
001111001100001111000011001111000011110011000011110000110011110
111100000000111100001111111100001111000000001111000011111111000
010110101010010110100101010110100101101010100101101001010101101
101010100101010101010101101010101010101001010101010101011010101
010110100101101001011010010110100101101001011010010110100101101
001100110011001111001100110011000011001100110011110011001100110
001100111100110000110011110011000011001111001100001100111100110
011001101001100110011001011001100110011010011001100110010110011
001100111100110000110011110011000011001111001100001100111100110
111100000000111100001111111100001111000000001111000011111111000
001111001100001111000011001111000011110011000011110000110011110
001111001100001111000011001111000011110011000011110000110011110
111111110000000011111111000000001111111100000000111111110000000
110011000011001100110011110011001100110000110011001100111100110
000000001111111111111111000000000000000011111111111111110000000
111100000000111100001111111100001111000000001111000011111111000
000000001111111111111111000000000000000011111111111111110000000
010110101010010110100101010110100101101010100101101001010101101
101010100101010101010101101010101010101001010101010101011010101
010110101010010110100101010110100101101010100101101001010101101
101010100101010101010101101010101010101001010101010101011010101
100110011001100101100110011001101001100110011001011001100110011
011010010110100110010110100101100110100101101001100101101001011
010110101010010110100101010110100101101010100101101001010101101
001111001100001111000011001111000011110011000011110000110011110
101010100101010101010101101010101010101001010101010101011010101
110011000011001100110011110011001100110000110011001100111100110
110000111100001100111100001111001100001111000011001111000011110
010101010101010110101010101010100101010101010101101010101010101
101001011010010101011010010110101010010110100101010110100101101
100101100110100101101001100101101001011001101001011010011001011
010110101010010110100101010110100101101010100101101001010101101
001111001100001111000011001111000011110011000011110000110011110
101010100101010101010101101010101010101001010101010101011010101
001100110011001111001100110011000011001100110011110011001100110
111111111111111100000000000000001111111111111111000000000000000
111100000000111100001111111100001111000000001111000011111111000
111100000000111100001111111100001111000000001111000011111111000
010101011010101001010101101010100101010110101010010101011010101
010110101010010110100101010110100101101010100101101001010101101
101001010101101010100101010110101010010101011010101001010101101
101001010101101010100101010110101010010101011010101001010101101
010110100101101001011010010110100101101001011010010110100101101
010101011010101001010101101010100101010110101010010101011010101
010101010101010110101010101010100101010101010101101010101010101
101001011010010101011010010110101010010110100101010110100101101
101001011010010101011010010110101010010110100101010110100101101
010101010101010110101010101010100101010101010101101010101010101
101001011010010101011010010110101010010110100101010110100101101
010101010101010110101010101010100101010101010101101010101010101
110011000011001100110011110011001100110000110011001100111100110
100101100110100101101001100101101001011001101001011010011001011
110011001100110011001100110011001100110011001100110011001100110
001111000011110000111100001111000011110000111100001111000011110
001100110011001111001100110011000011001100110011110011001100110
001111000011110000111100001111000011110000111100001111000011110
001100110011001111001100110011000011001100110011110011001100110
110000111100001100111100001111001100001111000011001111000011110
011010010110100110010110100101100110100101101001100101101001011
101001011010010101011010010110101010010110100101010110100101101
101001011010010101011010010110101010010110100101010110100101101
011010010110100110010110100101100110100101101001100101101001011
010101010101010110101010101010100101010101010101101010101010101
011001100110011001100110011001100110011001100110011001100110011
010101010101010110101010101010100101010101010101101010101010101
001100110011001111001100110011000011001100110011110011001100110
101001010101101010100101010110101010010101011010101001010101101
101001010101101010100101010110101010010101011010101001010101101
010101011010101001010101101010100101010110101010010101011010101
010110101010010110100101010110100101101010100101101001010101101
000011110000111111110000111100000000111100001111111100001111000
101001010101101010100101010110101010010101011010101001010101101
010110101010010110100101010110100101101010100101101001010101101
101010100101010101010101101010101010101001010101010101011010101
000000001111111111111111000000000000000011111111111111110000000
101001011010010101011010010110101010010110100101010110100101101
111100001111000011110000111100001111000011110000111100001111000
111100001111000011110000111100001111000011110000111100001111000
010110101010010110100101010110100101101010100101101001010101101
111100000000111100001111111100001111000000001111000011111111000
101001011010010101011010010110101010010110100101010110100101101
010110101010010110100101010110100101101010100101101001010101101
010110101010010110100101010110100101101010100101101001010101101
