1000000001100010011110000000100000000010000000000000000000000101011110000011010011100000100010011100101000011000011111000101100111010100011010101011101101010110111011000000000000000001110000000000011000010100000010
0100010001100001111001000000000000000000000000001000000000000100100011001100111100100000100000001010001001011000011100001001000001100100100000101001010011111000000100101000011000011110001100000000011001000100001000
0110001000010000110000000000010000000001000000001100000000111010000010000010010000110010011101001000001000101011110000000001010000011001010001100001000000010001011000000100100000000100000011111111111101000011100000
0010011000001000000000000010001000000000000000100000000000010000000011000000100000101001001000001010000101100000010000000000000000001110000100100101000000000000000000000000000000000000000000000000011000000000010001
0100000010000000000000100100000000000011000001110000000110000110010000000000000000011000000001000011000000000001100010000000010000010000000100100100100000010000000000000000000000011110000000010000000111000000000001
0100010000000110000000011100000010001000000010000000001000000000110100000001011010010011000000000000001000000001000000000000000000000010000000000000011000000000000000000000000000000000000000000000000000101000000101
0101101100000000000000001000000100000000001100000000011101110111000011000001101100000100000001000000000001110110011000000001000000000000000011000000000000000000000010000000000000000001111111101111110001100011110000
0000001100110000000000001010110000111101001000000101100010100011100110011111000100000100011000000000000000111000111000010000000000010010000000000001001000001000000000010000010000000000000000000000000000000000000000
0110001000001100000000000010001000000000000110100100100000001100010000000000010000001100000000000000000100001011001001000000000000000000000000000000000000000000000000000000000000000000000000000000001011000000010100
0101001010100000000000100100000000000000100001001010000000110001000000001010001000000000111001000100001000101011010000000000000000000011000000000000000000000000100000010000000010000000000000000000000001000010000000
0100001100000000000000000000100100110000000000000010010000001000000110000111000100000010000000000000000000101010010000000000000000000001000000000100010000000100000000000000000000000000000000000000000010100010010101
0100100000000010000000000000010000010000010000000000010100110000000110000000010000000000011000000000000000110111010000000000000000000001000101000000000000000000000000000000000000000000000000000000000110010100000101
0101010110000000000000000000000101010000000000000001010000001001001010101000000100010001000000000000010001110110110000000000000000010001000101100000000000000000000000000000000000000000000000000000000100100001000001
0101011000000100000000000000010100000000010001000011100000100000000000000000000100000000000000000000000000101110000000000000000000000000000000000000000000000001000000000000000000000000100000000000000100000010010000
0110001100010000000000101000010111000000100000000010010010001100001011100101010000000000010000000000000000000001100000000000000000000010000000000000000000000000000000000000000000000000000000000000000010100000000000
0100001100110100000000111100000111000000000010000000000000100101001110000000010100000000100000010100000000000100101000000000000000100000001000000100000000001001000010000011000001000000000000000000000110100000000101
0101001100010000000000010000100000010011010110000000000010110001001000000000000000010000001000000000000000010110010000000000000000000000000000000000000000000000000000000000000000000000000100000000000001100000010000
0101001000000110000000101100101001100000000001100000000000000100101000000000000000000000000000000000000000000110100000000100000000001000000001000001000000000000000000000000000000000000000000000000011100010011000000
0000000010000000000000000000000000111000000100000000011000001000101000000000000000011110110000000000001000000000101100000000000000001100000000000000000000000000000000000000000000000000000000000000011010000000000000
0011111000000000000000000010000101100000101001000000100000001000000000000000000000101110111001000000001000000001101000000000000000000000000000000000000000000000000000000000000000000000000000000000010000000001000000
0110010010000110000000000000001000001000000001000100001110000010100000000000000000000000000000000000000000000100000000000000000000000010000000000000000000000000000000000000000000000000000000000000001000100000100000
0001010010010000000000101110000111000001000110001001001100000001000100000000000000000000000000000000000000000000000000000000000000000000000000000000000000000000000000000000000000000000000000000000000000100000000000
0110010010000000000000010100000000111010001000101001000010000000100100000000001000110010000000010100000000000010000000000000000000000000000000000000000000000000000000000000000000000000000000000000000110000000000000
0000110010000000000000010010000000000000000000000000000000000000100000010000000000000000000000000000000000000001100000000000000000000000000000000000000000000000000000000000000000000010000000000000000100100000010000
0011110010000000000000101000000000000000000000000000000000000001000000010000000000000000000000000000000001110110001000000001000000000000000000000000000000000000000000000000000000000000000000000000001000000000000000
0000000000001000000000000000000000000000000000000001000000001010000000000000000000010010000000000000001001110110001100000000010000001000000000000000000000000000000000000000000000000000000000000000000000000000000000
0000000000000000000000000000000000000000000000000000000000000000110000000000000000001010000000000000000001110110001000000000100000000000000000000000000000000000000000000000001000000000000000000000010000000000000000
0010000000000000000000000000000000000000000000000000000000000000000000010000000000000001000000000000000000000010000000000000000000000000000000000000000000000000000000000000000000000000000000000000001010000000000000
0000000000000000000000000000000000000000000000000000000000010000000000000000000000000001000000000000001000000100001000000000000000000000000000000000000000000000000000000000000000000000000000000000001100000010000000
0000101110000000000000000000000000100000000000000000000000001010001100000000000000000000000000000000100000000010110000000000000000000000000000000000000000000000000000000000000000000000000000000000001101000010000000
0101101100000000000000000000000000000001000101000000000000010100010000000000100000000000000001000000000001000111010000000000000000000010000000000000000000000000000000000000000010000000000000000000000100000000010000
0000010010000000000000000000000000000000000000000000000010011000101000000000000000000000000001000000000000100101011000000000000000000010000000000000000000000000000000000000010000000000000000000000001111100000000000
0010110000000000000000000000000000000000001000000000000000110000000000000000000000000000000001000000000001000100100000000000000000000010000000000000000000000000000000000000010000000000000100000000000101000000000000
0000010010000000000000000000000000000000000000000000000000110110101100000000100000000000000000000000000000010001110000000000000000000010000000000000000000000000000000000000000000000000000100000000000100000000010000
0100000000000000000000000000000000000000000000000000000000000110001010000000000000000000000000000000000000010010110100000000000000000000000000000000000000000000000000000000000000000000000000000000000100000000010000
0000000000001000000000000000000000000000000000000000000000000010000000000000000000010000000000000000000000011100110000000000000000000000000000000000000000000000000000000000000000000000000000000000000000000000000000
0000000000000000000000000000000000000000000000000000000000000000000000000000000000000000000000000000001000000110110000000000000000000000000000000000000000000000000000000000000000000000000000000000000000000000000000
0000000000000000000000000000000000000000010000000000000000011110000010000000000000000001010001000000000001110000101000000000000000000000000000000000000000000000000000000000000000000000000000000000000100000001000000
0100000000000000000000010000000000000000000000000000000100010000000000000000000000000000010000000000000001010011110000000000000000000000000000000000000000000000000000000000000000000000000000000000000000000001000000
0000000000000000000000000000000000000000000000000000000000110100000010000000000000000001000000000000000001100010000000000000000000000000000000000000000000000000000000000000000000000000000000000000000000100000100000
0000000000000000000000000000000000000000000000000000000000100010000000000000000000000000010000000000000001001000101000000000000000000000000000000000000000000000000000000000000000000000000000000000000111000000100000
0101100010000010000000010100000000001000000000001101011100011000000010000000000000001100000000000000001001101001100000000000000000000000000000000000000000000000000000000000000000000000000000000000000001100000100000
0010010110000000000000000000000000000000000100000000000000100100000000000000000000000000000000000000000000000000000000000000000000000000000000000000000000000000000000000000000000000000000000000000000000000000000000
0010000000000000000000000000000000000000000000000000000000111000000000000001001000000000000000000000000000000001000000000000000000000000000000000000000000000000000000000000000000000000000000000000000001100000000000
0000100010000000000000000010000000000000000000000100000000100000000000000000000000000000000001000000000000000000000000000000000000000000000000000000000000000000000000000000000000000000000000000000000111000000010000
0100000010000000000000100000000000000000000000000000000000010010000000000000000000000000000000000000001000000111000000000000000000000000000000000000000000000000000000000000000000000000000000000000000000000000000000
0011000110000000000000000000000000000000000010000000000000111110000010000000000000000000000000000000000000000011000001000000000000000001000000100000000000000000000000000000000000000000000000000000000000000000100000
0000001100000000000000000000000000000000000000100000000000100110000000000000000000000000000001000000000000000001000010000000000000000000000000100000000000000000000000000000000000000000001000000000000010100000000000
0010100000000000000000000000000000000000000000000000000000000010000010000000000000000000000000000000001000000010100000000000000000000000000000000000000000000000000000000000000000000000000000000000000001000000000000
0000001000000000000000000000000000000000000000000000000000101010000010000000000000000000000001000000000000110000110000000000000000000000000000100000000000000000000000000000000000011110000100000000000110000001000000
0000100100000000000000000000100000000000000000001000000000110010000000000000000000000000000000000000001000000000101000000000000000000000000000100000000000000000000000000000000000000000000000000000000011100000000000
0000000110000000000000000000000000000000000000000000000000011010000000000000000000000000000001000000000001110000111000000100000000000000000000000000000000000000000000000000000000000000000000000000000100100010000000
0000001100000000000000000000000000000000000000000000000000000010000000000000000000000000000000000000000001110000010000000000000000000000000000100000000000000000000000000000000000000000000000000000000000000000000000
0010101000000000000000000000001000000000000000000000000000110110000000000000000000000000000001000000001000000100100000000000000000000000000000100000000000000000000000000000000000000000000000000000000000000000000000
0001001100000000000000000000000001000000000000000000000000000010001000000000000000000000000001000000001000000101000000000000000000000000000000000000000000001000000010000000000000000000000000000000000000000010000000
0010000010000000000000000000000000000000000000000000000000000000000000000000000000000100000000000000001000001100001000000000000000000000000000000000000000000000000000000000000000000000000000000000000001000000000000
0010001000000000000000000000000000000000000000000000000000000000000000000000000000000000000000000000000000000100000000000000000000000000000000000000000000000000000000000000000000000000000000000000000000000010000000
0000001010000000000000000000000000000000000000000000000000101000000010000000000000000000000001000000001000110011111001000100000000000000000000000000000000000000000000000000000000000000000000000000000010000000000000
0010100010000000000000000000000000000000000000000000000000111100000000000000000000000001000000000000000000000000100000000000000000000000000000000000000000000000000000000000000000000000000000000000000000000000000000
0000001010000000000000000000000000000000000000000000000100111110000010000000000000000000000001000000000001111010001000000000000000000000000000000000000000000000000000000000000000000000000000000000000000000000000000
0000001100000000000000000000000000001000000000000000000010010110000000000000000000000000000000000000001000000100100000000000000000000000000000000000000000000000000000000000000000000000000000000000000000000000000000
0000000000000000000000000000000000000000000000000000000000100000000000000000000000000000000000000000000001100000111000000000000000000000000000000000000000000000000000000000000000000000000000000000000000000000000000
0000000000000000000000000000000000000000000000000000000000000010000010000000000000000000000000000000000000101110100000000010000000000000000000000000000000000000000000000000000000000000000000000000000000000000000000
0010000000000000000000000000000000000000000000000000000000010100000000000000000000000010000001000000001000000000000000000000000000000000000000000000000000000000000000000000000000000000000000000000000000000000000000
0001100000000000000000000000000000000000000000000000000000100010000000000000000000000000000001000000000000000010100000000000000000000000000000000000000000000000000000000000000000000000000000000000000000000000000000
0000010010000000000000000000000000000000000000000000000000000110010100000000000000000000000000000000000000000010100000000000000000000000000000000000000000000000000000000000000000000000000100000000000000000000000000
0000010000000000000000000000000000000000000000000000000000000001000000000000000000000000000000000000000000000001000000000000000000000000000000000000000000000000000000000000000000000000000000000000000000000000000000
0010101100000000000000000000000000000000000000000000000000000100010000000000000000000000000000000000001000000100000000000000000000000000000000000000000000000100000100000000000000000000000000000000000000000000000000
0000010010000000000000000000000000000000000000000000000000011001100100000000000000000000000000000000000000000000000000000000000000000010000000000000000000000000000000000000000010000000000000000000000000000000000000
0001001010000000000000000000000000000000000000000000000000011110000000000000000000000000000000000000000000000001000000000000000000000000000000000000000000000010000000000000000000000000000000000000000000000010100000
0001101000000000000000000000000000000000000000000000000000000100000000000000000000000000000000000000001000000010100000000000000000000000000000000000000000000000000000000000000000000000000000000000000000000010100000
0000000000000000000000000000000000000000000000000000000000001010000000000000000000000000000001000000000000000000100000000000000000000000000000000000000000000000000000000000000000000000000000000000000000000000000000
0001000000000000000000000000000000000000000000000000000000011000000000000000000000000000000000000000000000000111000000000000000000000000000000000000000000000000000000000000000000000000000000000000000000000000000000
0001100000000000000000000000000000000000000000000000000000000100000000000000000000000000000000000000000000000101100000000000000000000000000000000000000000000000000000000000000000000000000000000000000000000000000000
0000000000000000000000000000000000000000000000000000000000110100000000000000000000000000000000000000000000000100000000000000000000000000000000000000000000000000000000000000000000000000000000000000000000000000000000
0000010000000000000000000000000000000000000000000000000000011100000010000000000000000000000001000000001000101010110001000000000000000000000000000000000000000000000000000000000000000000000000000000000000000000000000
0000000000000000000000000000000000000000000000000000000000001000000010000000000000000000000000000000001000000000110000000000000000000001000000000000000000000000000000000000000001000000000000000000000000000000000000
0000000000000000000000000000000000000000000010000000000000010100000000000000000000000000000000000000001001110011001000000000000000000000000000000000000000000000000000000000000000000000000000000000000000000000000000
0000000000000000000000000000000000000000000000100000000000100010000010000000000000000000000000000000000000110001000000000000000000000000000000000000000000000000000000000000000000000000000000000000000000000000000000
0000000000000000000000000000000000000000000000000000000000010000000010000000000000000000000001000000001000110110000000000000000000000000000000000000000000000000000000000000000000000000000000000000000000000000000000
0000000000000000000000000000000000000000000000000000000000001100000010000000000000000000000001000000000000000001010000000000000000000000000000000000000000000000000000000000000000000000000000000000000000000000000000
0000000000000000000000000000000000000000000000000000000000010100000000000000000000000000000000000000000000110100010000000000000000000000000000000000000000000000000000000000000000000000000000000000000000000000000000
0000000000000000000000000000000000000000000000000000000000000000000000000000000000000000000001000000001000110011000000000000000000000000000000000000000000000000000000000000000000000000000000000000000000000000000000
0011000000000000000000000000000000000000000000000000010000001000000000000000000000000000000001000000000000000001001000000000000000000000000000000000000000000000000000000000000000000000000000000000000000000000000000
0000000000000000000000000000000001000000000000000000000000101000000000000000000000000000000001000000000000000110111000000000000000000000000000000000000000000000000000000000000000000000000000000000000000000000000000
0000000000000000000000000000000000000000000000000000000000000100000000000000000000000000000001000000000000000110011000000000000000000000000000000000000000000000000000000000000000000000000000000000000000000000000000
0011100000000000000000000000000000000000000000000000000000101010000010000000000000000000000000000000000000110111001000000000000000000000000000000000000000000000000000000000000000000000000000000000000000000000000000
0011000000000000000000000000000000000000000000000000000000010100000000000000000000000000000001000000000000000100000000000000000000000000000000000000000000000000000000000000000000000000000000000000000000000000000000
0010100000000000000000000000000000000000000000000000000000010100000010000000000000000000000001000000001001000001000000000000000000000000000000000000000000000000000000000000000000000000000000000000000000000000000000
0001100000000000000000000000000000000000000000000000000000010010000000000000000000000000000001000000001000000011000000000000000000000000000000000000000000000000000000000000000000000000000000000000000000000000000000
0000000000000000000000000000000000000000000000000000000000111000000000000000000000000000000001000000001000010010111000000000000000000000000000000000000000000000000000000000000000000000000000000000000000000000000000
0001110010000000000000000000000000000000000000000000000000000001010000010000000000000000000000000000000000000100011000000000000000000000000000000000000000000000000000000000000000000000000000000000000000000000000000
0011010000000000000000000000000000000000000000000000000000000010010000000000000000000000000000000000000000000100010000000000000000000000000000000000000000000000000000000000000000000000000000000000000000000000000000
0010000000000000000000000000000000000000000000000000000000010110000000000000000000000000000000000000000000000100111000000000000000000000000000000000000000000000000000000000000000000000000000000000000000000000000000
0001110010000000000000000000000000000000000000000000000000000010000000000000000000000000000001000000000010000001010000000000000000000000000000000000000000000000000000000000000000000000000000000000000000000000000000
0000001000000000000000000000000000000000000000000000000000000010000000000000000000000000000001000000000000000011011000000000000000000000000000000000000000000000000000000000000000000000000000000000000000000000000000
0000110000000000000000000000000000000000000000000000000000100100100000010000000000000000000000000000000000000001010000000000000000000000000000000000000000000000000000000000000000000000000000000000000000000000000000
0000000010000000000000000000000000000000000000000000000000101000000010000000000000000000000000000000001000000101000010000000000000000000000000000000000000000000000000000000000000000000000000000000000000000000000000
0000000010000000000000000000000000000000000000000000000000011000000000000000000000000000100000000000001000110100100000000000000000000000000000000000000000000000000000000000000000000000000000000000000000000000000000
0000000000000000000000000000000000000000000000000000000000010000000000000000000000000000000001000000000000110101111000000000000000000000000000000000000000000000000000000000000000000000000000000000000000000000000000
0000001000000000000000000000000000000000000000000000000000001010000010000000000000000000000000000000001000110001000000000000000000000000000000000000000000000000000000000000000000000000000000000000000000000000000000
0000000000000000000000000000000000000000000000000000000000101101010100000000000000000000000000000000000000000101011000000000000000000000000000100000000000000000000000000000000000000000000000000000000000000000000000
0000001100000000000000000000000000000000000000000000000000000010000110000000000000000000000001000000000000100100101000000010001000000001000000000000000000000000000000000000000000000000000000000000000000000000000000
0000000000000000000000000000000000000000000000000000000000100100000000000000000000000000000001000000000000000010000000000000000000000000000000000000000000000000000000000000000000000000000000000000000000000000000000
0000010010000000000000000000000000000000000000000000000000000010000000000000000000000000000001000000000000000001000000000000000000000000000000000000000000000000000000000000000000000000000000000000000000000000000000
0010100000000000000000000000000000000000000000000000000000000010000000000000000000000000000001000000000000000110000000000000000000000000000000100000000000000000000000000000000000000000000000000000000000000000000000
0010100110000000000000000000000000000000000000000000000000000000000000000000000000010000100000000000001000000110000000000000000000000000000000000000000000000000000000000000000000000000000000000000000000000000000000
0011000000000000000000000000000000000000000000000000000000101110000000000000000000000000010001000000000000000001000000000000000000000000000000000000000000000000000000000000000000000000000000000000000000000000000000
0000100000000000000000000000000000000000000000000000000000101010000000000000000000000000000000000000000000000111000000000000000000000000000000000000000000000000000000000000000000000000000000000000000000000000000000
0000000110000000000000000000000000000000000000000000000000000000000000000000000000010010100000000000000001110010001000000010100000000000000000000000000000000000000000000000000000000000000000000000000000000000000000
0000000000000000000000000000000000000000000000000000000000000000000000000000000000000000000000000000000001110010001000000000100000000000000000000000000000000000000000000000000000000000000000000000000000000000000000
