1111110
0010000
0111100
0010000
1010001
1011010
1010000
1010000
1010000
0010001
0011001
1010000
1010000
1010000
1010000
1010000
1010110
1010110
1010010
1111010
1011110
1011100
1010000
1010000
1000000
1010000
1011100
1010000
1011110
1011100
1110000
1111000
1010000
1010000
1010000
1010000
1110110
0000001
1010000
1100000
1110110
0110111
0110011
1011000
1010000
0110111
0111011
1110110
0110101
0010001
0000001
0110011
0110111
0110101
1100010
0100010
0100000
0110001
0110001
1110010
0110100
0111111
0111011
0111111
0110011
0110111
0100000
0110100
0111101
0111101
0111001
1111010
0101010
0000100
0111000
0111000
0110010
0110100
0010010
0001000
0111001
0010111
0010011
0011101
0111101
0000000
0101100
0111111
0000100
0100100
0000000
0100000
0000100
0100100
0000010
0100100
0000100
0000100
0000110
0001110
0111111
0001010
0000010
0110001
0100100
0100010
0100100
0100110
0100000
0110011
0110111
0111111
0111111
0111011
0111101
0100100
0100110
0110001
0110011
0111001
0111101
0110111
0110011
0110001
0000100
0010101