1101111
0111001
0010000
0110111
0110001
0110000
0111000
0011100
0111100
0101100
1110000
0111001
0111110
0111110
0111010
0110111
0110101
1111111
0110011
0111111
0111011
0100010
0011011
0011010
0111010
0111010
0100100
0101111
0111100
0110101
1110101
0101111
0111100
0110110
0100110
0110110
0110111
0111100
0110100
0110110
0110100
0110100
0110100
0110100
0111101
0110001
0110100
0111111
0110101
0110101
0100101
0101101
0101101
0101101
0100110
0100110
0100101
0100111
0101110
0100100
0100110
0101110
0100000
0100011
0101100
0101000
0111001
0111001
0110001
0101001
0101011
0101011
0111010
0110000
0111001
0100001
0100000
0100000
0100010
0100000
0101011
0100000
0101001
0101000
0101000
0100010
0101010
0101001
0100001
0111011
0111011
0000000
0100000
0100000
0100011
0110000
0110001
0100011
0100010