10101110
00001011
01001110
11001111
01101011
11010011
01001000
11010011
01110111
11000111
11000111
11001000
11000110
01000110
11000010
01000001
01100000
01110010
11110100
11101101
01011100
11111100
01111100
11011001
01111010
01101110
11111010
01111011
01001101
01011101
01111101
01011110
01101001
01111101
01101101
01000100
01010001
01110011
01010011
01000011
01110001
01000001
01010001
01010010
01110010
01011000
01000110
01101110
01110101
01010101
01110000
01110100
01000001
01100001
01100110
01100110
01000010
01010110
01000110
01000101
01001001
01011001
01010100
01011000
01011010
01010110
01001110
01011011
01011101
01101001
01011011
01010001
01011101
01101111
01000110
01110000
01100110
01010000
01011110
01001010
01001111
01001110
01101111
01110100
01111100
01011101
00110100
00100010
01010100
01111010
01111011
00110100
00000010
01101101
01101100
01100010
01100011
01010110
01010111
01011101
01011100
01110101
01101101
01110101
01110011
01100011
01100000
01001011
01001000
01001011
01011011
01000001
01011001
01001001
01110111
01110101
01010111
01001101
01100100
01101100
01100001
01100001
01101010
01100000
01010010
01011010
01000101
01010110
01101001
01101001
01111001
01101001
00000000
01100000
01100000
00000000