1011100
0011100
0100111
0111001
0111001
0111001
0100110
0101100
0101101
0100101
0101100
0110100
0011100
0001100
0101101
0101111
0100001
0101010
0011011
0101011
0011011
0011010
0011011
0011010
0011101
0111101
0111101
0111011
0110011
0101010
0100001
0110000
0110111
0010100
0111000
0111100
0111100
0110001
0110100
0110100
0111101
0110101
0111011
1110011
0111011
0110011
0110111
0101110
0111111
0101001
0110011
0110100
0101101
0100010
0101001
0111010
0101011
0101100
0110000
0100101
0100001
0111100
0111001
0110010
0111010
0011010
0011010
0001010
0010010
0100010
0101010
0101010
0100010
0101011
0100011
0110110
0111111
0100100
0101101
0100101
0101000
0100100
0101101
0101010
0101011
0101011
0101110
0100011
0100111
0100000
0100100
0011011
0011011
0110010
0111010
0101001
0011010
0111010
0110110
0110100
0101110
0001000
0101101
0111110
0111110
0101011
0111011
0111011
0111010
0111101
0000101