11110110
11010010
01100010
01110010
01110010
01100010
01100010
01100010
10110101
01100010
01100010
01100010
01100010
11110010
01011100
00011100
00010100
11011100
10110010
00110110
00100110
00010101
00011110
11010000
11010000
00111100
11010000
11011110
01011000
01011000
01010100
10011000
11010010
01010000
01110100
01110100
00010110
11010110
00010100
11010100
11010000
01010010
11010011
01011010
11110110
01011000
11011000
01010101
01111100
01001010
01101000
01110001
01111010
01010100
01101000
01011100
01011000
11010001
01011000
00101010
11110000
11010000
01101001
01011000
01011000
01101000
11001000
01101111
01010100
01101000
01001010
01110100
01110101
11100000
11000000
01101010
01100010
11011000
01011010
11010000
01011100
01110000
11011000
11010000
11010000
11010000
01111000
11010000
01100010
01100010
01100010
01100010
01100010
01011011
01011001
01010000
01011100
01011000
01011010
01010010
01011000
01011100
01010010
01001000
01110101
01010101
01110100
01100001
01100001
01100001
01110110
11110010
01110110
01110100
01110100
01100000
01100000
01100000
01100000
01100000
00011100
00010000
00011000
10010000
00010100
00011100
00010100
10010000
00010000
00010000
00010100
00010100
01001000
01100001
00101000
00100000
11010100
01010000
01100001
01011000
00100000
11010000
01010000
01010000
01011010
01010000
01100001
01100001
01100001
01100001
01100001
01100001
00010100
00010100
01010010
01100001
01100001
01100001
01100001