11011001
00001001
01111010
01011101
01010001
01011001
01111100
01011001
01111000
01010001
01011001
01011001
00011001
01111000
01000000
01111011
01011011
01111011
01111011
01001101
00011101
00011101
00011101
00000001
00010001
01010001
00010001
01000101
01010101
01010101
01010101
01100110
01001110
01101010
01101100
01101001
00111001
00111001
00111001
01100011
01110011
01110011
01110011
01100001
00110001
00110001
00110001
01100000
01100000
01100000
01110000
01110100
01110100
01110100
01100100
01100100
01100100
01111110
01110010
01011010
01010110
01010110
01010110
01000110
01111010
01101110
01100100
01001100
01101000
01000010
01000100
01100000
01001000
01110100
01111000
01010110
00011111
00111101
01010101
01011100
01011100
01011100
01001100
01001100
01001100
01011100
01010000
01010000
01010000
01000000
01110111
01111011
01010011
01110001
01000010
01000010
01000010
01010010
01101110
01101110
01101110
01011110
01100110
01100110
01100110
01110110
01010010
01010010
01010010
01001010
01001010
01001010
01010100
01011010
01011010
01011010
01000110
01000110
01000110
01011000
01011000
01011000
01111000
01111000
01111000
01010000
01001000
01001000
01001000
01011000
01001010
01010111
01110101
01111100
01111100
01111100
01011110
01011110
01011110
01100010
01001110
01001110
01001110
01101000
01101000
01101000
01110010
01110010
01110010
01101100
01101100
01101100
00000001
00000001
00000001
01000100
01000100
01000100
01110011
01111001
01110000
01110000
01110000
01101010
01101010
01101010
01100010
01100010
01100010
01010100
01010100
01010100
00111001
01110001
01011101
01111001
01110001
01111010
01000000
01011101
01010001
01000000
00010110
01010000
01101110
00100010
01111000
01100110
01001100
01000110
00000100
01110000
01011010
01011000
01101010
01010010
00000010
01001000
01110100
01101100
01001010
01110011
01100000
01001110
01010100
01101000
01111100
01110010
01011110
01011100
01100100
01111100
01010101
01101010
01010110
01001010
01111001
01011110
01011100
01100000
01101000
01001000
01000100
01011000
01101110
01100110
01000110
01010000
01001110
01001100
01101100
01110011
01000010
01100010
01110000
01011010

