011010010110100110010110100101101001011010010110011010010110100101101001011010011001011010010110100101101001011001101001011010011001011010010110011010010110100101101001011010011001011010010110100101101001011001101001011010010110100101101001100101101001011
111111111111111100000000000000001111111111111111000000000000000011111111111111110000000000000000111111111111111100000000000000001111111111111111000000000000000011111111111111110000000000000000111111111111111100000000000000001111111111111111000000000000000
110011001100110000110011001100110011001100110011110011001100110000110011001100111100110011001100110011001100110000110011001100110011001100110011110011001100110011001100110011000011001100110011110011001100110000110011001100110011001100110011110011001100110
001100110011001111001100110011001100110011001100001100110011001111001100110011000011001100110011001100110011001111001100110011000011001100110011110011001100110011001100110011000011001100110011110011001100110000110011001100110011001100110011110011001100110
001100110011001111001100110011001100110011001100001100110011001111001100110011000011001100110011001100110011001111001100110011000011001100110011110011001100110011001100110011000011001100110011110011001100110000110011001100110011001100110011110011001100110
110011001100110011001100110011000011001100110011001100110011001100110011001100110011001100110011110011001100110011001100110011001100110011001100110011001100110000110011001100110011001100110011001100110011001100110011001100111100110011001100110011001100110
110011001100110011001100110011000011001100110011001100110011001100110011001100110011001100110011110011001100110011001100110011001100110011001100110011001100110000110011001100110011001100110011001100110011001100110011001100111100110011001100110011001100110
110011001100110011001100110011000011001100110011001100110011001100110011001100110011001100110011110011001100110011001100110011001100110011001100110011001100110000110011001100110011001100110011001100110011001100110011001100111100110011001100110011001100110
000011111111000011110000000011110000111111110000111100000000111100001111111100001111000000001111000011111111000011110000000011111111000000001111000011111111000011110000000011110000111111110000111100000000111100001111111100001111000000001111000011111111000
110011001100110011001100110011000011001100110011001100110011001100110011001100110011001100110011110011001100110011001100110011001100110011001100110011001100110000110011001100110011001100110011001100110011001100110011001100111100110011001100110011001100110
110011001100110011001100110011000011001100110011001100110011001100110011001100110011001100110011110011001100110011001100110011001100110011001100110011001100110000110011001100110011001100110011001100110011001100110011001100111100110011001100110011001100110
110011001100110011001100110011000011001100110011001100110011001100110011001100110011001100110011110011001100110011001100110011001100110011001100110011001100110000110011001100110011001100110011001100110011001100110011001100111100110011001100110011001100110
110011001100110011001100110011000011001100110011001100110011001100110011001100110011001100110011110011001100110011001100110011001100110011001100110011001100110000110011001100110011001100110011001100110011001100110011001100111100110011001100110011001100110
110011001100110000110011001100111100110011001100001100110011001111001100110011000011001100110011110011001100110000110011001100110011001100110011110011001100110000110011001100111100110011001100001100110011001111001100110011000011001100110011110011001100110
001111001100001111000011001111000011110011000011110000110011110011000011001111000011110011000011110000110011110000111100110000111100001100111100001111001100001111000011001111000011110011000011001111001100001111000011001111000011110011000011110000110011110
000011111111000011110000000011110000111111110000111100000000111100001111111100001111000000001111000011111111000011110000000011111111000000001111000011111111000011110000000011110000111111110000111100000000111100001111111100001111000000001111000011111111000
001111000011110011000011110000110011110000111100110000111100001100111100001111001100001111000011001111000011110011000011110000111100001111000011001111000011110011000011110000110011110000111100110000111100001100111100001111001100001111000011001111000011110
000011111111000011110000000011110000111111110000111100000000111100001111111100001111000000001111000011111111000011110000000011111111000000001111000011111111000011110000000011110000111111110000111100000000111100001111111100001111000000001111000011111111000
001100111100110011001100001100110011001111001100110011000011001100110011110011001100110000110011001100111100110011001100001100111100110000110011001100111100110011001100001100110011001111001100110011000011001100110011110011001100110000110011001100111100110
000011110000111111110000111100000000111100001111111100001111000000001111000011111111000011110000000011110000111111110000111100000000111100001111111100001111000000001111000011111111000011110000000011110000111111110000111100000000111100001111111100001111000
111100001111000000001111000011111111000011110000000011110000111111110000111100000000111100001111111100001111000000001111000011110000111100001111111100001111000000001111000011111111000011110000000011110000111111110000111100000000111100001111111100001111000
000011110000111111110000111100000000111100001111111100001111000000001111000011111111000011110000000011110000111111110000111100000000111100001111111100001111000000001111000011111111000011110000000011110000111111110000111100000000111100001111111100001111000
000011110000111111110000111100000000111100001111111100001111000000001111000011111111000011110000000011110000111111110000111100000000111100001111111100001111000000001111000011111111000011110000000011110000111111110000111100000000111100001111111100001111000
111111110000000000000000111111111111111100000000000000001111111100000000111111111111111100000000000000001111111111111111000000001111111100000000000000001111111111111111000000000000000011111111000000001111111111111111000000000000000011111111111111110000000
000000000000000011111111111111110000000000000000111111111111111111111111111111110000000000000000111111111111111100000000000000000000000000000000111111111111111100000000000000001111111111111111111111111111111100000000000000001111111111111111000000000000000
000011111111000011110000000011110000111111110000111100000000111100001111111100001111000000001111000011111111000011110000000011111111000000001111000011111111000011110000000011110000111111110000111100000000111100001111111100001111000000001111000011111111000
111111110000000000000000111111111111111100000000000000001111111100000000111111111111111100000000000000001111111111111111000000001111111100000000000000001111111111111111000000000000000011111111000000001111111111111111000000000000000011111111111111110000000
000011111111000011110000000011110000111111110000111100000000111111110000000011110000111111110000111100000000111100001111111100000000111111110000111100000000111100001111111100001111000000001111111100000000111100001111111100001111000000001111000011111111000
111111110000000000000000111111111111111100000000000000001111111100000000111111111111111100000000000000001111111111111111000000001111111100000000000000001111111111111111000000000000000011111111000000001111111111111111000000000000000011111111111111110000000
000000001111111111111111000000000000000011111111111111110000000011111111000000000000000011111111111111110000000000000000111111111111111100000000000000001111111111111111000000000000000011111111000000001111111111111111000000000000000011111111111111110000000
111100001111000000001111000011111111000011110000000011110000111111110000111100000000111100001111111100001111000000001111000011110000111100001111111100001111000000001111000011111111000011110000000011110000111111110000111100000000111100001111111100001111000
000000001111111111111111000000000000000011111111111111110000000011111111000000000000000011111111111111110000000000000000111111111111111100000000000000001111111111111111000000000000000011111111000000001111111111111111000000000000000011111111111111110000000
111111111111111100000000000000001111111111111111000000000000000000000000000000001111111111111111000000000000000011111111111111110000000000000000111111111111111100000000000000001111111111111111111111111111111100000000000000001111111111111111000000000000000
000000000000000011111111111111110000000000000000111111111111111111111111111111110000000000000000111111111111111100000000000000000000000000000000111111111111111100000000000000001111111111111111111111111111111100000000000000001111111111111111000000000000000
000011110000111111110000111100001111000011110000000011110000111111110000111100000000111100001111000011110000111111110000111100000000111100001111111100001111000011110000111100000000111100001111111100001111000000001111000011110000111100001111111100001111000
000011110000111111110000111100001111000011110000000011110000111111110000111100000000111100001111000011110000111111110000111100000000111100001111111100001111000011110000111100000000111100001111111100001111000000001111000011110000111100001111111100001111000
111100001111000000001111000011111111000011110000000011110000111100001111000011111111000011110000000011110000111111110000111100001111000011110000000011110000111111110000111100000000111100001111000011110000111111110000111100000000111100001111111100001111000
001100110011001111001100110011000011001100110011110011001100110011001100110011000011001100110011110011001100110000110011001100111100110011001100001100110011001111001100110011000011001100110011001100110011001111001100110011000011001100110011110011001100110
111100001111000000001111000011111111000011110000000011110000111111110000111100000000111100001111111100001111000000001111000011110000111100001111111100001111000000001111000011111111000011110000000011110000111111110000111100000000111100001111111100001111000
000000000000000011111111111111110000000000000000111111111111111111111111111111110000000000000000111111111111111100000000000000000000000000000000111111111111111100000000000000001111111111111111111111111111111100000000000000001111111111111111000000000000000
111111111111111100000000000000001111111111111111000000000000000000000000000000001111111111111111000000000000000011111111111111110000000000000000111111111111111100000000000000001111111111111111111111111111111100000000000000001111111111111111000000000000000
111111111111111100000000000000001111111111111111000000000000000000000000000000001111111111111111000000000000000011111111111111110000000000000000111111111111111100000000000000001111111111111111111111111111111100000000000000001111111111111111000000000000000
110011001100110000110011001100111100110011001100001100110011001100110011001100111100110011001100001100110011001111001100110011001100110011001100001100110011001111001100110011000011001100110011001100110011001111001100110011000011001100110011110011001100110
111111110000000000000000111111111111111100000000000000001111111100000000111111111111111100000000000000001111111111111111000000001111111100000000000000001111111111111111000000000000000011111111000000001111111111111111000000000000000011111111111111110000000
000011111111000011110000000011110000111111110000111100000000111111110000000011110000111111110000111100000000111100001111111100000000111111110000111100000000111100001111111100001111000000001111111100000000111100001111111100001111000000001111000011111111000
000000001111111111111111000000000000000011111111111111110000000011111111000000000000000011111111111111110000000000000000111111111111111100000000000000001111111111111111000000000000000011111111000000001111111111111111000000000000000011111111111111110000000
111111110000000000000000111111111111111100000000000000001111111100000000111111111111111100000000000000001111111111111111000000001111111100000000000000001111111111111111000000000000000011111111000000001111111111111111000000000000000011111111111111110000000
111100001111000000001111000011111111000011110000000011110000111100001111000011111111000011110000000011110000111111110000111100001111000011110000000011110000111111110000111100000000111100001111000011110000111111110000111100000000111100001111111100001111000
000011110000111111110000111100001111000011110000000011110000111111110000111100000000111100001111000011110000111111110000111100000000111100001111111100001111000011110000111100000000111100001111111100001111000000001111000011110000111100001111111100001111000
111111110000000011111111000000000000000011111111000000001111111100000000111111110000000011111111111111110000000011111111000000001111111100000000111111110000000000000000111111110000000011111111000000001111111100000000111111111111111100000000111111110000000
111111110000000011111111000000000000000011111111000000001111111100000000111111110000000011111111111111110000000011111111000000001111111100000000111111110000000000000000111111110000000011111111000000001111111100000000111111111111111100000000111111110000000
000011110000111111110000111100001111000011110000000011110000111111110000111100000000111100001111000011110000111111110000111100000000111100001111111100001111000011110000111100000000111100001111111100001111000000001111000011110000111100001111111100001111000
111111110000000000000000111111111111111100000000000000001111111100000000111111111111111100000000000000001111111111111111000000001111111100000000000000001111111111111111000000000000000011111111000000001111111111111111000000000000000011111111111111110000000
000011110000111111110000111100001111000011110000000011110000111111110000111100000000111100001111000011110000111111110000111100000000111100001111111100001111000011110000111100000000111100001111111100001111000000001111000011110000111100001111111100001111000
000000001111111100000000111111110000000011111111000000001111111111111111000000001111111100000000111111110000000011111111000000000000000011111111000000001111111100000000111111110000000011111111111111110000000011111111000000001111111100000000111111110000000
000000001111111111111111000000000000000011111111111111110000000011111111000000000000000011111111111111110000000000000000111111111111111100000000000000001111111111111111000000000000000011111111000000001111111111111111000000000000000011111111111111110000000
111111110000000000000000111111111111111100000000000000001111111100000000111111111111111100000000000000001111111111111111000000001111111100000000000000001111111111111111000000000000000011111111000000001111111111111111000000000000000011111111111111110000000
111111110000000000000000111111111111111100000000000000001111111100000000111111111111111100000000000000001111111111111111000000001111111100000000000000001111111111111111000000000000000011111111000000001111111111111111000000000000000011111111111111110000000
111111110000000000000000111111111111111100000000000000001111111100000000111111111111111100000000000000001111111111111111000000001111111100000000000000001111111111111111000000000000000011111111000000001111111111111111000000000000000011111111111111110000000
000000001111111100000000111111110000000011111111000000001111111111111111000000001111111100000000111111110000000011111111000000000000000011111111000000001111111100000000111111110000000011111111111111110000000011111111000000001111111100000000111111110000000
000011110000111111110000111100001111000011110000000011110000111111110000111100000000111100001111000011110000111111110000111100000000111100001111111100001111000011110000111100000000111100001111111100001111000000001111000011110000111100001111111100001111000
111111110000000000000000111111111111111100000000000000001111111100000000111111111111111100000000000000001111111111111111000000001111111100000000000000001111111111111111000000000000000011111111000000001111111111111111000000000000000011111111111111110000000
111111110000000011111111000000000000000011111111000000001111111100000000111111110000000011111111111111110000000011111111000000001111111100000000111111110000000000000000111111110000000011111111000000001111111100000000111111111111111100000000111111110000000
111111110000000000000000111111111111111100000000000000001111111100000000111111111111111100000000000000001111111111111111000000001111111100000000000000001111111111111111000000000000000011111111000000001111111111111111000000000000000011111111111111110000000
111111110000000000000000111111111111111100000000000000001111111100000000111111111111111100000000000000001111111111111111000000001111111100000000000000001111111111111111000000000000000011111111000000001111111111111111000000000000000011111111111111110000000
111111110000000011111111000000001111111100000000111111110000000011111111000000001111111100000000111111110000000011111111000000001111111100000000111111110000000011111111000000001111111100000000111111110000000011111111000000001111111100000000111111110000000
111111110000000011111111000000001111111100000000111111110000000011111111000000001111111100000000111111110000000011111111000000001111111100000000111111110000000011111111000000001111111100000000111111110000000011111111000000001111111100000000111111110000000
111111110000000011111111000000000000000011111111000000001111111100000000111111110000000011111111111111110000000011111111000000001111111100000000111111110000000000000000111111110000000011111111000000001111111100000000111111111111111100000000111111110000000
000011110000111111110000111100001111000011110000000011110000111111110000111100000000111100001111000011110000111111110000111100000000111100001111111100001111000011110000111100000000111100001111111100001111000000001111000011110000111100001111111100001111000
111111110000000011111111000000000000000011111111000000001111111100000000111111110000000011111111111111110000000011111111000000001111111100000000111111110000000000000000111111110000000011111111000000001111111100000000111111111111111100000000111111110000000
111111110000000011111111000000000000000011111111000000001111111100000000111111110000000011111111111111110000000011111111000000001111111100000000111111110000000000000000111111110000000011111111000000001111111100000000111111111111111100000000111111110000000
111100001111000000001111000011111111000011110000000011110000111100001111000011111111000011110000000011110000111111110000111100001111000011110000000011110000111111110000111100000000111100001111000011110000111111110000111100000000111100001111111100001111000
000011110000111111110000111100000000111100001111111100001111000000001111000011111111000011110000000011110000111111110000111100000000111100001111111100001111000000001111000011111111000011110000000011110000111111110000111100000000111100001111111100001111000
000000000000000000000000000000001111111111111111111111111111111111111111111111111111111111111111000000000000000000000000000000000000000000000000000000000000000011111111111111111111111111111111111111111111111111111111111111110000000000000000000000000000000
000000000000000000000000000000001111111111111111111111111111111111111111111111111111111111111111000000000000000000000000000000000000000000000000000000000000000011111111111111111111111111111111111111111111111111111111111111110000000000000000000000000000000
000000000000000000000000000000001111111111111111111111111111111111111111111111111111111111111111000000000000000000000000000000000000000000000000000000000000000011111111111111111111111111111111111111111111111111111111111111110000000000000000000000000000000
000000000000000000000000000000001111111111111111111111111111111111111111111111111111111111111111000000000000000000000000000000000000000000000000000000000000000011111111111111111111111111111111111111111111111111111111111111110000000000000000000000000000000
000000000000000011111111111111110000000000000000111111111111111111111111111111110000000000000000111111111111111100000000000000000000000000000000111111111111111100000000000000001111111111111111111111111111111100000000000000001111111111111111000000000000000
000011111111000011110000000011110000111111110000111100000000111111110000000011110000111111110000111100000000111100001111111100000000111111110000111100000000111100001111111100001111000000001111111100000000111100001111111100001111000000001111000011111111000
111111110000000000000000111111111111111100000000000000001111111100000000111111111111111100000000000000001111111111111111000000001111111100000000000000001111111111111111000000000000000011111111000000001111111111111111000000000000000011111111111111110000000
000011111111000011110000000011110000111111110000111100000000111111110000000011110000111111110000111100000000111100001111111100000000111111110000111100000000111100001111111100001111000000001111111100000000111100001111111100001111000000001111000011111111000
000000000000000011111111111111110000000000000000111111111111111111111111111111110000000000000000111111111111111100000000000000000000000000000000111111111111111100000000000000001111111111111111111111111111111100000000000000001111111111111111000000000000000
111111111111111100000000000000001111111111111111000000000000000011111111111111110000000000000000111111111111111100000000000000001111111111111111000000000000000011111111111111110000000000000000111111111111111100000000000000001111111111111111000000000000000
000000001111111111111111000000000000000011111111111111110000000000000000111111111111111100000000000000001111111111111111000000000000000011111111111111110000000000000000111111111111111100000000000000001111111111111111000000000000000011111111111111110000000
111111111111111100000000000000001111111111111111000000000000000011111111111111110000000000000000111111111111111100000000000000001111111111111111000000000000000011111111111111110000000000000000111111111111111100000000000000001111111111111111000000000000000
000000000000000011111111111111110000000000000000111111111111111111111111111111110000000000000000111111111111111100000000000000000000000000000000111111111111111100000000000000001111111111111111111111111111111100000000000000001111111111111111000000000000000
111111110000000000000000111111111111111100000000000000001111111100000000111111111111111100000000000000001111111111111111000000001111111100000000000000001111111111111111000000000000000011111111000000001111111111111111000000000000000011111111111111110000000
111111110000000000000000111111111111111100000000000000001111111100000000111111111111111100000000000000001111111111111111000000001111111100000000000000001111111111111111000000000000000011111111000000001111111111111111000000000000000011111111111111110000000
000000000000000000000000000000001111111111111111111111111111111111111111111111111111111111111111000000000000000000000000000000000000000000000000000000000000000011111111111111111111111111111111111111111111111111111111111111110000000000000000000000000000000
000000000000000000000000000000001111111111111111111111111111111111111111111111111111111111111111000000000000000000000000000000000000000000000000000000000000000011111111111111111111111111111111111111111111111111111111111111110000000000000000000000000000000
000000000000000000000000000000001111111111111111111111111111111111111111111111111111111111111111000000000000000000000000000000000000000000000000000000000000000011111111111111111111111111111111111111111111111111111111111111110000000000000000000000000000000
000000000000000000000000000000001111111111111111111111111111111111111111111111111111111111111111000000000000000000000000000000000000000000000000000000000000000011111111111111111111111111111111111111111111111111111111111111110000000000000000000000000000000
000000000000000000000000000000001111111111111111111111111111111111111111111111111111111111111111000000000000000000000000000000000000000000000000000000000000000011111111111111111111111111111111111111111111111111111111111111110000000000000000000000000000000
000000001111111111111111000000000000000011111111111111110000000000000000111111111111111100000000000000001111111111111111000000000000000011111111111111110000000000000000111111111111111100000000000000001111111111111111000000000000000011111111111111110000000
111100000000111100001111111100001111000000001111000011111111000011110000000011110000111111110000111100000000111100001111111100001111000000001111000011111111000011110000000011110000111111110000111100000000111100001111111100001111000000001111000011111111000
111111111111111100000000000000001111111111111111000000000000000011111111111111110000000000000000111111111111111100000000000000001111111111111111000000000000000011111111111111110000000000000000111111111111111100000000000000001111111111111111000000000000000
000000001111111111111111000000000000000011111111111111110000000000000000111111111111111100000000000000001111111111111111000000000000000011111111111111110000000000000000111111111111111100000000000000001111111111111111000000000000000011111111111111110000000
000000001111111111111111000000000000000011111111111111110000000000000000111111111111111100000000000000001111111111111111000000000000000011111111111111110000000000000000111111111111111100000000000000001111111111111111000000000000000011111111111111110000000
000000001111111111111111000000000000000011111111111111110000000000000000111111111111111100000000000000001111111111111111000000000000000011111111111111110000000000000000111111111111111100000000000000001111111111111111000000000000000011111111111111110000000
111111111111111100000000000000001111111111111111000000000000000011111111111111110000000000000000111111111111111100000000000000001111111111111111000000000000000011111111111111110000000000000000111111111111111100000000000000001111111111111111000000000000000
000000001111111111111111000000000000000011111111111111110000000000000000111111111111111100000000000000001111111111111111000000000000000011111111111111110000000000000000111111111111111100000000000000001111111111111111000000000000000011111111111111110000000
000011110000111111110000111100000000111100001111111100001111000000001111000011111111000011110000000011110000111111110000111100000000111100001111111100001111000000001111000011111111000011110000000011110000111111110000111100000000111100001111111100001111000
111111111111111100000000000000001111111111111111000000000000000011111111111111110000000000000000111111111111111100000000000000001111111111111111000000000000000011111111111111110000000000000000111111111111111100000000000000001111111111111111000000000000000
000000001111111111111111000000000000000011111111111111110000000000000000111111111111111100000000000000001111111111111111000000000000000011111111111111110000000000000000111111111111111100000000000000001111111111111111000000000000000011111111111111110000000
000011110000111111110000111100001111000011110000000011110000111111110000111100000000111100001111000011110000111111110000111100000000111100001111111100001111000011110000111100000000111100001111111100001111000000001111000011110000111100001111111100001111000
111111111111111100000000000000001111111111111111000000000000000011111111111111110000000000000000111111111111111100000000000000001111111111111111000000000000000011111111111111110000000000000000111111111111111100000000000000001111111111111111000000000000000
000011110000111111110000111100001111000011110000000011110000111111110000111100000000111100001111000011110000111111110000111100000000111100001111111100001111000011110000111100000000111100001111111100001111000000001111000011110000111100001111111100001111000
000000000000000000000000000000001111111111111111111111111111111111111111111111111111111111111111000000000000000000000000000000000000000000000000000000000000000011111111111111111111111111111111111111111111111111111111111111110000000000000000000000000000000
000000000000000000000000000000001111111111111111111111111111111111111111111111111111111111111111000000000000000000000000000000000000000000000000000000000000000011111111111111111111111111111111111111111111111111111111111111110000000000000000000000000000000
000000000000000000000000000000001111111111111111111111111111111111111111111111111111111111111111000000000000000000000000000000000000000000000000000000000000000011111111111111111111111111111111111111111111111111111111111111110000000000000000000000000000000
000011110000111111110000111100001111000011110000000011110000111111110000111100000000111100001111000011110000111111110000111100000000111100001111111100001111000011110000111100000000111100001111111100001111000000001111000011110000111100001111111100001111000
111111111111111100000000000000000000000000000000111111111111111100000000000000001111111111111111111111111111111100000000000000001111111111111111000000000000000000000000000000001111111111111111000000000000000011111111111111111111111111111111000000000000000
000011110000111111110000111100001111000011110000000011110000111111110000111100000000111100001111000011110000111111110000111100000000111100001111111100001111000011110000111100000000111100001111111100001111000000001111000011110000111100001111111100001111000
000011110000111111110000111100001111000011110000000011110000111111110000111100000000111100001111000011110000111111110000111100000000111100001111111100001111000011110000111100000000111100001111111100001111000000001111000011110000111100001111111100001111000
000011110000111111110000111100001111000011110000000011110000111111110000111100000000111100001111000011110000111111110000111100000000111100001111111100001111000011110000111100000000111100001111111100001111000000001111000011110000111100001111111100001111000
000000000000000000000000000000001111111111111111111111111111111111111111111111111111111111111111000000000000000000000000000000000000000000000000000000000000000011111111111111111111111111111111111111111111111111111111111111110000000000000000000000000000000
000000000000000000000000000000001111111111111111111111111111111111111111111111111111111111111111000000000000000000000000000000000000000000000000000000000000000011111111111111111111111111111111111111111111111111111111111111110000000000000000000000000000000
000000000000000000000000000000001111111111111111111111111111111111111111111111111111111111111111000000000000000000000000000000000000000000000000000000000000000011111111111111111111111111111111111111111111111111111111111111110000000000000000000000000000000
000000000000000000000000000000001111111111111111111111111111111111111111111111111111111111111111000000000000000000000000000000000000000000000000000000000000000011111111111111111111111111111111111111111111111111111111111111110000000000000000000000000000000
000000000000000000000000000000001111111111111111111111111111111111111111111111111111111111111111000000000000000000000000000000000000000000000000000000000000000011111111111111111111111111111111111111111111111111111111111111110000000000000000000000000000000
111111111111111100000000000000001111111111111111000000000000000011111111111111110000000000000000111111111111111100000000000000001111111111111111000000000000000011111111111111110000000000000000111111111111111100000000000000001111111111111111000000000000000
111111111111111100000000000000001111111111111111000000000000000011111111111111110000000000000000111111111111111100000000000000001111111111111111000000000000000011111111111111110000000000000000111111111111111100000000000000001111111111111111000000000000000
000000001111111111111111000000000000000011111111111111110000000000000000111111111111111100000000000000001111111111111111000000000000000011111111111111110000000000000000111111111111111100000000000000001111111111111111000000000000000011111111111111110000000
111111111111111100000000000000001111111111111111000000000000000011111111111111110000000000000000111111111111111100000000000000001111111111111111000000000000000011111111111111110000000000000000111111111111111100000000000000001111111111111111000000000000000
000011110000111111110000111100000000111100001111111100001111000000001111000011111111000011110000000011110000111111110000111100000000111100001111111100001111000000001111000011111111000011110000000011110000111111110000111100000000111100001111111100001111000
000011110000111111110000111100000000111100001111111100001111000000001111000011111111000011110000000011110000111111110000111100000000111100001111111100001111000000001111000011111111000011110000000011110000111111110000111100000000111100001111111100001111000
000011110000111111110000111100000000111100001111111100001111000000001111000011111111000011110000000011110000111111110000111100000000111100001111111100001111000000001111000011111111000011110000000011110000111111110000111100000000111100001111111100001111000
111111111111111100000000000000001111111111111111000000000000000011111111111111110000000000000000111111111111111100000000000000001111111111111111000000000000000011111111111111110000000000000000111111111111111100000000000000001111111111111111000000000000000
111111111111111100000000000000001111111111111111000000000000000011111111111111110000000000000000111111111111111100000000000000001111111111111111000000000000000011111111111111110000000000000000111111111111111100000000000000001111111111111111000000000000000
111111111111111100000000000000001111111111111111000000000000000011111111111111110000000000000000111111111111111100000000000000001111111111111111000000000000000011111111111111110000000000000000111111111111111100000000000000001111111111111111000000000000000
000011110000111111110000111100000000111100001111111100001111000000001111000011111111000011110000000011110000111111110000111100000000111100001111111100001111000000001111000011111111000011110000000011110000111111110000111100000000111100001111111100001111000
000011110000111111110000111100000000111100001111111100001111000000001111000011111111000011110000000011110000111111110000111100000000111100001111111100001111000000001111000011111111000011110000000011110000111111110000111100000000111100001111111100001111000
111111110000000011111111000000001111111100000000111111110000000011111111000000001111111100000000111111110000000011111111000000001111111100000000111111110000000011111111000000001111111100000000111111110000000011111111000000001111111100000000111111110000000
000000000000000000000000000000001111111111111111111111111111111111111111111111111111111111111111000000000000000000000000000000000000000000000000000000000000000011111111111111111111111111111111111111111111111111111111111111110000000000000000000000000000000
111111110000000011111111000000001111111100000000111111110000000011111111000000001111111100000000111111110000000011111111000000001111111100000000111111110000000011111111000000001111111100000000111111110000000011111111000000001111111100000000111111110000000
111111111111111111111111111111110000000000000000000000000000000011111111111111111111111111111111000000000000000000000000000000001111111111111111111111111111111100000000000000000000000000000000111111111111111111111111111111110000000000000000000000000000000
111100000000111100001111111100001111000000001111000011111111000011110000000011110000111111110000111100000000111100001111111100001111000000001111000011111111000011110000000011110000111111110000111100000000111100001111111100001111000000001111000011111111000
111111111111111100000000000000001111111111111111000000000000000011111111111111110000000000000000111111111111111100000000000000001111111111111111000000000000000011111111111111110000000000000000111111111111111100000000000000001111111111111111000000000000000
000000000000000000000000000000001111111111111111111111111111111111111111111111111111111111111111000000000000000000000000000000000000000000000000000000000000000011111111111111111111111111111111111111111111111111111111111111110000000000000000000000000000000
000000001111111111111111000000000000000011111111111111110000000000000000111111111111111100000000000000001111111111111111000000000000000011111111111111110000000000000000111111111111111100000000000000001111111111111111000000000000000011111111111111110000000
111111111111111111111111111111110000000000000000000000000000000011111111111111111111111111111111000000000000000000000000000000001111111111111111111111111111111100000000000000000000000000000000111111111111111111111111111111110000000000000000000000000000000
111100000000111100001111111100001111000000001111000011111111000011110000000011110000111111110000111100000000111100001111111100001111000000001111000011111111000011110000000011110000111111110000111100000000111100001111111100001111000000001111000011111111000
111111111111111100000000000000001111111111111111000000000000000011111111111111110000000000000000111111111111111100000000000000001111111111111111000000000000000011111111111111110000000000000000111111111111111100000000000000001111111111111111000000000000000
111111111111111100000000000000001111111111111111000000000000000011111111111111110000000000000000111111111111111100000000000000001111111111111111000000000000000011111111111111110000000000000000111111111111111100000000000000001111111111111111000000000000000
000000001111111111111111000000000000000011111111111111110000000000000000111111111111111100000000000000001111111111111111000000000000000011111111111111110000000000000000111111111111111100000000000000001111111111111111000000000000000011111111111111110000000
111111111111111100000000000000001111111111111111000000000000000011111111111111110000000000000000111111111111111100000000000000001111111111111111000000000000000011111111111111110000000000000000111111111111111100000000000000001111111111111111000000000000000
000000000000000000000000000000001111111111111111111111111111111111111111111111111111111111111111000000000000000000000000000000000000000000000000000000000000000011111111111111111111111111111111111111111111111111111111111111110000000000000000000000000000000
000000000000000000000000000000001111111111111111111111111111111111111111111111111111111111111111000000000000000000000000000000000000000000000000000000000000000011111111111111111111111111111111111111111111111111111111111111110000000000000000000000000000000
000000000000000000000000000000001111111111111111111111111111111111111111111111111111111111111111000000000000000000000000000000000000000000000000000000000000000011111111111111111111111111111111111111111111111111111111111111110000000000000000000000000000000
000000000000000000000000000000001111111111111111111111111111111111111111111111111111111111111111000000000000000000000000000000000000000000000000000000000000000011111111111111111111111111111111111111111111111111111111111111110000000000000000000000000000000
000000000000000000000000000000001111111111111111111111111111111111111111111111111111111111111111000000000000000000000000000000000000000000000000000000000000000011111111111111111111111111111111111111111111111111111111111111110000000000000000000000000000000
000000000000000000000000000000001111111111111111111111111111111111111111111111111111111111111111000000000000000000000000000000000000000000000000000000000000000011111111111111111111111111111111111111111111111111111111111111110000000000000000000000000000000
000011110000111111110000111100000000111100001111111100001111000000001111000011111111000011110000000011110000111111110000111100000000111100001111111100001111000000001111000011111111000011110000000011110000111111110000111100000000111100001111111100001111000
000011110000111111110000111100000000111100001111111100001111000000001111000011111111000011110000000011110000111111110000111100000000111100001111111100001111000000001111000011111111000011110000000011110000111111110000111100000000111100001111111100001111000
111111111111111100000000000000001111111111111111000000000000000011111111111111110000000000000000111111111111111100000000000000001111111111111111000000000000000011111111111111110000000000000000111111111111111100000000000000001111111111111111000000000000000
000000000000000000000000000000001111111111111111111111111111111111111111111111111111111111111111000000000000000000000000000000000000000000000000000000000000000011111111111111111111111111111111111111111111111111111111111111110000000000000000000000000000000
000000000000000000000000000000001111111111111111111111111111111111111111111111111111111111111111000000000000000000000000000000000000000000000000000000000000000011111111111111111111111111111111111111111111111111111111111111110000000000000000000000000000000
000000000000000000000000000000001111111111111111111111111111111111111111111111111111111111111111000000000000000000000000000000000000000000000000000000000000000011111111111111111111111111111111111111111111111111111111111111110000000000000000000000000000000
000000000000000000000000000000001111111111111111111111111111111111111111111111111111111111111111000000000000000000000000000000000000000000000000000000000000000011111111111111111111111111111111111111111111111111111111111111110000000000000000000000000000000
