1111010501011511001101111111111015101001151111011101010051110111110511115111010111111110111011101100110110100001110051510100111000111110155011111100101151110011111101011011011100011100101111111011111111110011111111101111011111111111110111111111111
1001100511000510110010000510000105001100050100000001101050000000000500005000001010000000000110010001100000011005050150501000101000000001055110001010010050100000001000001000050000100100000000010000110011000001000101111011155555550010001100000001100
0151011111111010100110110100111510000151100101505011101101101110111500150100510011110501110511511115011501100110010000000001111110105010000111151000111100115510150010501111111001005111100100500010101100111010001000010110155555555511150000515000055
0110100011051051510100501000150500100100000001005101015000100010101515150015001010111501100511100105010510000000000001000100100000555001500111051100150001000011550111010101001100115001500011511011010501550001000000011010055555555511550100505001055
0150550011011110510151500501151110001111501101005511155005150110515050110515055015115501100101505101010555111010050000010500501000555010500101050500151105010005550511001111001000015101510051515015001511550115011000010000155555555511050100505001555
0550550051005051510105500500151551101105105101105501155005150111155155150555055015115501110511505105050555505050050100050101015000505100500501151500155105150015550515000115005500115101500051555155555551550155105000010000155555555501550510505000055
0150550051151055510155500500150510500105505111005511055015150010515555100555155015105501110500505500050555105050050000010500511000505515500111150500051105110015550515001115005500115101500051555055551551550115101000001011055555555511550501505000055
0150550050051055510155500500151510505100505101005111155005150000511555151555055015105501150500515500050515101050050000050500011100505505500101051100151005511011550511001105005500115101501051555055551500550110001000011011155555555511550500505010055
1511050551055515550055110010011555510005505501015000155055050000550055155555055005005500101511005105050515501051051050551510001000155555115111051010015055050001550015001115055500115100000010511055555115010050105111010000155555555511551100505100555
0051050050050055515155500500151500505105505101005501155005150150505555110555055115115511000500505511050555010050050110011500000000505515500101055500050005500115555515001115005500115501550051555555550550550101500000050110155555555511550501515000055
0051551055051051515155500501150510001100005011005501055005150150515555110555055015115501010551555005000555100050050000110000501000505115500011051500051005110015555511100110000500015501550050555505551511550111501000051001155555555511550501505100055
0550050055055051505155500500155550001105105101005501055005150150151555150555055015105501051555505505551555500050550100050000501010505015501511051500055005150015555515000155005500505501550151555555555551550151105000050010555555555511555555555550055
0151001055011051515155500500155500501105101111005501115005150150055515150005005010100501050555555505051550500000050000050101511000505010500511151500055015151015555115001155005100105501550150555551555511550151505000051000055555555511555555555550055
1511050550055511500150100055111555501005155051005501155055100055151050155555055515115501155500515101050551505015150051550110001100155511155511051511055050150015050505051055055510105100005510515055555101110055505101100000115555555511550100505001155
0511050550055511550150100011110555511005115501015100155055050050151055155555055015015501150505511100150555500051050050550101001101115555105115051511055055150015150515001055055501105100000001515055555105110050005101110000155555555510550100505001055
0501550551015515511555511015555555515005515150015500155055150050550155055051155555015501105515015105050550505010050050550550005001155515015150055511055155550015150105051005055501115100115551515155515111110055005001000000155555555550555155555550055
5000050551051511510155110005515505111101105051015100155055050005150555055555055555115500055515515105010505500051050050550150001005155155155110051115055155150010150511051551151500115100505511510015555105110050005000110101055555555511555155555550555
1101100551000515550115100010005515515000510511115500105055150051511505015555055110000500151515510501050555101011050050510510005000105555155150055511051055510015155105011055155500115100511100515555011105110011101100110100055155555551555155555551055
1511055551555501550155150015111555551000155551005101155055150010155555055555055505005500015511555055000515500051050055550115101550055155115511051011055055150001550501051010050500015110505550511005505155510055555101100000155555550511555155555551055
5111550551001515550155010055000505515015555551015501105051150055500505115155015551015501155515051505050550005000050050510550005005055555055151055015050055500005550015050555055000105110005550515050550015500005500100000101055555555551555055555550555
5111550551051515550155110055115515515001555551015501055155150055505555055555055555515500155515005505050555005050050050550550005005155555155051055515050055500005150505051555055500115100505551505055550115110005100001105101055555555550555155555550555
5111150551010515550555010005505505515005505551015100055155550005510555055055055555505501055515505505050551005001051050550550005005055055055555055005010055510001550115050555055500155100505501511055551005500000001010111011055555555555555155555550555
0110055551555515550505050000505515515005515501015501055055550050505555055555055005515501050515505555050555100051000055550505005550155551055555055501050055500005150115001055005500155100000011515055510055101011555110101011055555555555555155555551055
1050155551505515555555550015150555515005551551005500055055550055550555015555055515505551155515515550550555510011550055515515005550555555515550055505055055550005555515151055055500015500555501515555555515551051055000051501055555555555555155555551555
1050055551555515555555550005555555515005505551005500155055550055550555015555055515515551055515505555550555501051550055511515005555555555515555055505055055550005555515050055055500055500555500515555555505550150155000050511555555555555555155555551555
0511050551055515550555110055111555515005515555015505155055150055550055055555055505005551005515005505550555551150550550555500105001155555115551055505055055550015550515050155055500115100505550515055555015510055105101100000555555555555555155555550555
1555050551015515555555510015150515005105555551005500555055150055511555155515055515511501155515510505110550100101050050550510005000555055515550055505051055550005555511055055055510555500555550515555551555550010001000050001055555555555555155555550555
1551150551055515555555510015555555505005515555015501155055551055550055055555055515015551055515515501550555555051550550555510005001555555515555055505055055550005555515050055055500005500555551515555555505550055105000050000555555555555555155555550555
5501050550055515550555510015555555555005515555055500055055551055555055055555055515005551055505555501550555550051550550555550005001555555505555055505055055550105155515051055055500055100505551515155555515150051505150100000555555555555555155555550555
5501050550005515500555510515555555555105515155055510155055550055555055055555055515005551155515505501550550550001550550555550015001555505505555055515155055550005150515051055055500105000505551515055555501150051105051150000555555555555555155555550555
5501050551005515500555510555505555515105555155015110155055550055555055155555055515115550155505005501550510550010550550555550005005155515555555055015055055550005150505051055055500115100505511510055555111150051005010000000555555555555555155555550555
1511555550555555500555150505515555515155515155155010155555555015551055055555555505105551015515555555555515550551555555555515115550155515115555055515055055555100550515151055555515015150105550511055515100005551555001010000555555550555555155555551555
1111055551551505510555150555515505515155555051555011155555555015550555055555555515015500055505505550055505505550055055550515115550155505155555055515050055555505550505550055555555115155005550515055511101015555155001015101055555550555555155555551555
0111055551555515500555050555505555515155555151505510055555555055555555055555555515015501155515555555055555500555055055550515115550055505055555055515051055555515550515551055555555115155505550515055510110505551050510101011055555550555555155555551555
5155050551055515515055510505155515505115505051015515555555155055550555155555055515015501055515115505055555501551050050550550015000555515555551055505050015550115555515155155555505555501555510515555551501555550100000051011055555555550555155555550555
5550050551055515515055510505155555515005505050015510155055150055550555015551055515115500055515115505050555501050050050510550015000555515555551055515055015550015555505051155055500155501555511515555555500550150105000050001155555555550555155555550555
5551150550005515511555510555555555515005555151015511155055550155550555015555055555105501055515015505550555505010150050510550015005555515555555155505055055550015151515051555055500155000515551515155555510150050505000110001055555555555555155555550555
1151555551511511515550150515555515001101155051015511105055550155115555155555055515105501155515505055000550105001050055550105011550155115155515151515051055110011151515051051055500155500555501511555511151110015151000100010155555555515555155555551555
5110155551515515510555150515515515515005555151015505055055550155555555055550055555005501155515001555050555505010050055550555005555155515055555155505151055550015550515050055055500105100505500515055511111510000550101101011055555555555555155555551555
1511555551505555510555050555501555555015555155115010055055550155551055055555055515105551155511515555550550551101550555555505115551055515055555155005155055550001150515151055155510055110505550511055515051111050055011010000555555555555555155555551555
1111555551551555510555150555515505555005555151055000055055550155555555015555055515515501155515515555050555501055050055510515105550155505155555055505051055550005150515050055055500055100505551515055500151110055050110010110000000000555555155555551555
0510155551515555510555050555515555555055555155055511055555155155555055055555055515115551055515505555555550550505555555555515115551155510155555155505155055551115550515151055555515055151505551515055515151515050155101100000555555555551555155555551555
1550155551555511505555551505555555501015105055105511055555055055151155055555055515115551105510505555555555550555551555555115011550555515515510051505055055155515555515150005555501015511555551515555555510555551155000050000555555555515555155555551555
5511550551055515500555010515505555555055515155555511155555555055551055055555555515015551155505515501555555550551555550555550015001055505105555055505055155555515550515550055555555005151505501515055555000505555005510100000555555555555555155555550555
1510055551555555500155155515505555515055505055115511155150551055555055055005100515055551555515511555551555550151555555555515015555055505015551055505055555550155550015050055555015115115505515515050515050505555055510100000555555555555555155555551555
5510055551555515510555150515505555555055515055555510155555555055551055055555555515005551055505505551555555551551555555555555015551155515105555055505055055555505550515551055555555055155505510515055555100515550055101100000555555555555555155555551555
1550155550555515500555155515555555555055515055155515155555555055551055055555055515055551555515555551555555555551555555555555015551155515115555055505055555551151550515050055555515015155505555511055555101515550055000100000555555555551555155555551555
5510555551505555510555055105115555515005505155115515555555555055555055055555555515155551555515515555555550555501551555555555015555055505055555055515055555555155550515155015055505515115505505515055515051505055055510100000555555555555555155555551555
5555150551055515515055515505151555515115515555015515555555155055550055155551055515155551555510155505555555551551550550555550015000555515555551155505155515550055555515155155555515555501555515515555555500555550505000050000555555555550555155555550555
5555550550055515555155515515151555555155515555055511555555055055550055155551055515055551505500155501555555555551550550555551015001505555515550155501155505550155555515155115555505515551555555555555555515555555105000050000555555555551555555555550055
0555550155055055555055505515051551505105515555005515555505155055555055150555555515055551555551555505555555555551550500155500515001505555511551155505155505555555555515055115555505515551555555555555555555555551505000050000555555555550555555555550155
5555050551015515515155515555051555515105505155005500555155150155555055155555055515155551555511155505550555550010551550555550005000555515555551055505555515550055555515155115055500555501555555515555555501551150505000050000555555555550555155555550555
5550155551555515515155555555550555515055515055105511055555555055551055055555155515155551555515515555555555555555555555555505015551555505515551055505055555550155555515051005555515155555555555515555555500555550055000050000555555555555555155555551555
0555555551555505555155555555151555515155505555515515555555055055551055155555055515155551555510555555555555555550550555555505015550555555555550155505155515550555555515555115555505555551555555515555555555555555055000050000555555555551555155555550555
5550155555555555505555555515151555555055515055555515555555155055555155055555555515055550515550555555555555555551555555555555515551555505515551055505055555555055555505555155555555515550555555555555555551555550555000050000555555555555555555555555555
5500055551555515500555155515115555555015515055115510155555555055550055055555555515055551555501505550555555550551550555555555115551155505115555055505055555555155550515151055555505015155105515515055555110515550055105100000555555555555555155555551555
5510055551555515510555155515501555555055515155155510055555555055550055055555555515055551555505505550555555551551550555555555115551155505115555055505055555555055550515151055555515015155505505515055555101515550155510100000555555555555555155555551555
1551555551555515515555555515055555515005555155105515155555555155555055055555555515055551555515515555555555555551551555555515015550555515515555055515055555555555555515151015555505115555555555515555555551555555555000050000555555555555555155555551555
5550055551555515515555555515550555505055515055105510055555555055550155055555555515055551515515515555555555551551555555555505015551555515515555055505055555555155555515150005555515115550555555515555555501555551055000050000555555555555555155555551555
5500055555555555500555055515101555555055515055555511155555155055555155055555555555155551515555505555555555555551555555555555515551055515005551055505055555555555150515051155555555105150505555555055555051105551155105100000555555555550555555555555555
1555050551055515555155515505051555515155505555055510555555155055551055155550055515155551555511055505555555550551550550555500115000555555555551155505155515550155555515055115555515555551555515515555555555550550505000050000555555555551555155555550555
1550555551555515515555555515055555505055555055005510055555155055555055055555055515055551555515515555555555551551555555555515015550555505515555055505055555555155555515150055555515015555555555515555555551555550055000050000555555555555555155555551555
5551055555555555555155555515151555515005515555055510055555155055550155055551055515055551505555505555555555550551551555555555515551555555515551155505155505550555555515150155555505115551555555555555555505555550055000050000555555555550555555555555555
0151155551551515505555555515555505515055515151505515155555555055550555055551555515555501555515505555055555505551055055550505015551555515515555055505050555555555555515550055555555055555555555515555550511555500551000055101055555555555555155555551555
0151155551555515505555555515555515505055515051505510055555555055505555055555555515555501555515105555055555501551055055550505015551555515515555055505051555555555555515551055555555155555555555515555551550555500551000051011055555555555555155555551555
5555555555555555555555555515051555555015515555555505555555155555555055055555555515055550555551555555555555555551555555555515505551555555515551555515555555555555555505550105555515515551555555555555555555555555555000050000555555555555555555555555555
1555555555555555555155555515151555555555515555555505555555155555555055555555155515055550555555555555555555555551555555555555505551555555515550555555555555555555555505155105555555515551555555555555555555555555555000050000555555555550555555555555555
0551555155555055555155555515150551505005515555515511155505155055555055050555555515055551555550515555555555555551551505155505515551555555511551155505155515555155555515550115555505115551555555555555555555555555055000050000555555555551555555555555555
0550550051055115555155515505151550505055505555515515155505155055550055050555155515155551555515555505555555551550550500055500015000555555500550155505155505555555555515150115555505055551555555515555555515555555005000050000555555555550555155555550555
0551055155555055555155555515151551505055515555105515055505055055555055050555555515055551555555555555555555555551550505155505515551555555510551155505155515555555555515550155555505115551555555555555555515555551555000050000555555555550555555555555555
0551155155555055555055555515151551505055515555505511055505155055555055050555555515055551555555555555555555550551550505155505515551555555511550155505155515551555555515551115555505015551555555555555555555555555555000050000555555555551555555555555555
5551550551055515515555515515051555515015555055015515155055150055550055055555055515155550555511505505550555555150550550555550015005555505555551055515055555550055555515051105055510115510555555515555555510550055005555550000555555555555555155555550555
5555050551055515555555515505050555515555505555515500555155151555550055555555555515155550555510505505551555550151551550555550005001555555555551555555555555555555555505555115555551555511555515515555555515551550005000050000555555555555555155555550555
1551555055555055555155555505151550505005505555105515155005050055555055150555055515155550555555555555550555555050550505055505515550555555500551155505155505550055555515050155155500155501555555555555555515550155155000050000555555555550555555555555555
1551155055555055555055555505151550505005505555005515155015150055555055150555055515155551555555555555551555555050550505055505515550555555500550155515155505551055555505051115055500155501555555555555555555550155555000050000555555555551555555555555555
0551555055555055555155555505151550505055515555505511155505155055555155150555555515155551505555555555555555555550550505055505515550555555500551155505155505555555555515550155555505155551555555555555555555555555155000050000555555555551555555555555555
0550555055555055555155555505150550505055505555505511155505155055555055050555555515155551555550555555555555555551550505055505515550555555500551155505155505555155555515550155555505155551555555555555555555555555155000050000555555555551555555555555555
1051555551555515515555555555151555505055515050505510155555555055550555015555555515055511555515515555555555555555155555515505015550555515515555055505055555555555555515551055555555055555555555515555555510555555555000051500155555555555555155555551555
0551550550055515515555515515555555515055515155005511055555555055551055055555555515055551555505515500555555551551555550555550015001555515515550055505055555555555555515050055555555005555555555515555555500555555505000050000555555555555555155555550555
1551155550555515505555515515555555555155505155555515155555555055555055155555055515055550555505505550555555555551555550555515015555555505515555055515055555550555555515551055555555105555555555515555555551555550505555550000555555555550555155555550555
5551055550555515505555515505555555515105515055515515155555555055555055155555555515055550555505515550555555555555550550555555015551555505515555055515055555555555555515551005555555105555555555515555555551555551505555550000555555555555555155555550555
0151555551555515505555555555555515505105555051005510155055550055505555555555055515555501555515515555050555001055050055550515015550555505515551055515051555550055555505051055055500155500555555515555551550550015551000051011055555555555555155555551555
1155555551551515515555555555151505515505515151005515555055550155505555555555055515555505555515515555050555505055050055550505005550555515515555055555050555550055555555055055055500555500555555515555550551550015550000055101055555555555555155555551555
1555555551555515515555555515555555505555505055105515555555555055555155555555055515155555555515515555555555555551550555555505005551555515515555055555155555551155555555155015555515505551555555515555555551555555155000050000555555555555555155555551555
1155555551555515515555555555555515515505555151005505555055550155515555555555055515555505555515515555050555005055050055550515015555555515505555055555151555500055555555055055055500555501555555515555551551550115551000051011055555555555555155555551555
1155555551551515505555555555555505505555555151505515555555555055515555555555555515555505555515515555055555001555055055550515015555555505505555055555050555555555555555555055555555555551555555515555550550555505550000055101055555555555555155555551555
0555555551555515505555555515555555515555515155105515555555555055555155555555155515155555555515515555555555551551555555555515015550555515515551055555055555555155555555155055555515505551555555515555555550555550555000050000555555555555555155555551555
1555555551555515515555555515555555515555505155505515555555555055555155555555555515055555555515515555555555555551555555555505015551555505515555055555055555551555555555155015555555515550555555515555555510555555555000050000555555555555555155555551555
0155555055551055515155555505155510515155505151505511555505155155515555150555555515555501555555505555055555105550050005050505505550555515500551155505151505505555555515555155555505555551555555555555551551555515551000050011055555555551555555555555555
0155555055551055515155555505155500515155505151505511555505155155505555150555555515555501555555515555055555105550050015050505505550555515500551155505150505505555555515555155555505555551555555555555550551555505550000055101055555555551555555555555555
0555555055550055555155555505155510105155505551505551555505155555515555150555555515555501555555555555015555105550050005050505555550555555510551555505551505515555555510555155555505555551555555555555551555555515551000050001055555555551555555555555555
0155555055550055555155555505155510505155505551505551555505155555515555150555555515555501555555555555055555005550050005050515555550555555500551555505551505555555555515555155555505555551555555555555551555555515551000055101055555555551555555555555555
0155555055555055555155555505155510505155505551505551555505155555515555151555555515555501555555555555055555105550050005050515555550555555500551555505551505505555555515555155555505555551555555555555551555555515551000055101055555555551555555555555555
5555155551555515555555555505555555515555515555105551555555555555550155555555555515155555555505515551555555550551551555555555555551555555515555555555555555555155555555155055555515505551555515515555555515555551155555550000555555555555555155555551555
5555550550055515555555515515555555515555515555505555555555555555555055555555555515055555555505555501555555555550551550555550055001555555555555555555555555555155555555555055555555555555555555515555555555555555505555550000555555555555555155555550555
0555550550055515555555515515555555555555505555555555555555555555555055555555155515055555555505555501555555555551555550555510055005555555555555555555555555555555555555555055555555555555555555515555555555555555505555550000555555555555555155555550555
5555055551555515555555555505555555505515515555115550555555555555550155555555555515155555555505505551555555550555555555555555555551555555515555555555555555555155555555155055555515505551555505515555555505555550055555550000555555555555555155555551555
5555550550055515555555515505555555505555515555505555555555555555555055555555555515055555555505515501555555555551555550555550055001555555515555555555555555555555555555555055555515555555555555515555555555555555505000050000555555555555555155555550555
5555155551555515555555555515555555555555515555105551555555555555551155555555555515155555555505515550555555550550555555555555555551555555515555555555555555555155555555155055555515505551555505515555555515555551055555550000555555555555555155555551555
5555155551555515555055555555555555555555555555555551555555555555551055555555155515155555555505515550555555551555555555555515555555555555555555555555555555550155555555055055555515555555555515515555555505555551155555550000555555555555555155555551555
0555550550055515555555515515555555555555515555155555555555555555555055555555555515055555555505555501555555555551555550555550055000555555555555555555555555555555555555555055555555555555555555515555555555555555505555550000555555555555555155555550555
5555550550055515555555515505555555505515515555515555555555555555555055555555555515055555555505555501555555555555555550555550055001555555555555555555555555555555555555555055555555555555555555515555555555555555505555550000555555555555555155555550555
5555155551555515555555555555555555555555555555555551555555555555551055555555155515155555555505515551555555551555555555555555555555555555555555555555555555551155555555055055555515555550555505515555555515555551155555550000555555555555555155555551555
0555555551555555555555555515555555555555515555555555555555555555555055555555155515055555555515555555555555555551550555555505155551555555515555555555555555551155555555055055555515515550555555505555555555555555555555550000555555555555555555555551555
5155050551050515555555515505155515515115505551015510555555555055510555155551055515555501555515105505055555100511051050550550015005555555555551155505151555510555555515155155555505555551555505515555551505555010001000055101055555555555555155555550555
5555555551555555555555555505555555505515505555115555555555555555555055555555555515155555555515555555555555555550551555555555055555555555555555555555555555555555555555155055055505555555555515515555555555555555555555550000555555555555555155555551555
5155050551051515555555515505155505515155505551015510555555555055500555155551055515555501555515105505055555000551050050550550015005555555555551155505150555510155555515155155555515555551555505515555550505555100000000055101055555555555555155555550555
5055055555550555555555555555155515555115555551155510555555555055510555115551055515155501555555105555055555100555051055510555515555555555555551155505151555510555555515055155555555555551555555555555551505555510051000051051055555555555555555555555555
5155055555550555555555555555155505155110555551055510555555555055500555155551155515555501555555105155005555000555051055550555515555555055555551155505150555500555555511055150550555555551555555555515550505555500050000050011155555555555555555555555555
5155055555550555555555555555155505555115555551055510555555555055500555155551055515555501555555105555015555000555051055550555515555555555555551155505150555501555555511055155555555555551555555555505550505555500050000050101155555555555555555555555555
5555050551055515555055515555155555115155555551515511555555155055551555155555555515555501555515555505055555505550050050550550015000555555555551155505155515555555555510555155555505555551555555515555555555555551105000050515155555555551555155555550555
1555550550055515555155515515155555555155555555555511555555155055555055155555555515055551555505555501555555550551550550555510015000555555505551155505155515555555555515555155555505555551555555515555555515555551505000050000555555555550555155555550555
5555150551055515555055515505155555515155505555515511555555055055551555155555555515555551555515505505555555551551550550555550015000555555555551155505155515555555555515555155555505555551555515515555555515555551105000055555555555555550555155555550555
5555550551055515555155515505155555515155505555515515555555055055551555155555555515555551555515515505555555551551550550555550015000555555555551155505155515555555555515555155555505555551555505515555555505555555105000055555555555555550555155555550555
5555150551055515555055515505155555515155505555515515555555055055551555155555555515555551555515515505555555555551550550555550015000555555555551155505155515555555555515555155555505555551555505515555555515555555005000055555555555555551555155555550555
5555155555555555555155555555155555555155555555555510555555155055555555155555555515555551555555555555555555551555550555555555515550555555555551155505155515555555555515555155555505555551555555555555555555555555555000055555555555555551555555555555555
5555155555555555555055555555155555555155555555555515555555155055555555155555555515555551555555555555555555555555550555555555515550555555555551155505155515555555555515555155555505555551555555555555555555555555555000055555555555555551555555555555555
5555555555555555555155555555155555555155555555555515555555155055555555155555555515555551555555555555555555551555550555555555515550555555555551155505155515555555555515555155555505555551555555555555555555555555555000055555555555555550555555555555555
5555555555555555555055555555155555555155555555555515555555055055555555155555555515555551555555515555555555555555550555555555515550555555555551155505155515555555555515555155555505555551555555555555555555555555555000055555555555555550555555555555555
5555555555555555555055555555155555555155555555555515555555055055555555155555555515555551555555555555555555555555550555555555515550555555555551155505155515555555555515555155555505555551555555555555555555555555155000055555555555555551555555555555555
5555555551555555555555555505555555505555515555515555555555555555555555555555555555555555555515555555555555555550555555555555055555555555555555555555555555555555555555555055555555555555555555515555515555555555555555555555555555555555555155555551555
0555555551555555555550555555555555555555555555555555555555555555555555555555555555555555555515555555555555555555555555555505155550515550555555555555555550555555555555555055555555555555555555515555515555555555555555555555555555555555555155555551555
0555555551555555555555555515555555555555515555155555555555505555555055555555555505155555555515555555555555555551555555555505155551505555505555555555555555555155555555155055555515505551555555515555515555555555555555550000555555555555555155555551555
1555555551555555555555555555555555555555555555555555555555555555555555555555555555555555555515555555555555555555555555555515155551555555555555555555555555555555555555555055555555555555555555515555515555555555555555555555555555550555555155555551555
5555555551555555555555555505555555515555505555515555555055550555555555555555555555555555555515555555550551555051555555555555055555555555555555555555555555555555555555555055055550555505555515515555515555550555555555555555555555555555555155555551555
5555555551555555555515555105555555515555515555515555555555555555555555555555555555555555555515555555555555555551515555555555055555555555555555555555555555555555555555555055515555555555555555515555515555555555555555555555555555555555555155555551555
5555555551555555555555555555555555515555555555515555555555555555555555555551555555155555555515155555555555555550555555555555055555555555555555555555555555555555555555555055555555515555555555515555515555555555555555555555555555555555555155555551555
1555555551555555555555555555555555555555555555555555555555555555555555555555555555555555555515555555555555555555555555555515155550555555555555555555555555555555555555555055555555555555555555515555515555555555555555555555511111111555555155555551555
0555555551555555555555555555555555555555555555555555555555515555555555555555555555555555555515555555555555555555555555555505155551515555555555555555555555555555555555555055555555555555555555515555515555555555555555555555555555555555555155555551555
0555555551555555555551555555555555555555555555555555555555555555555555555555555555555555555515555555555555555555555555555505155550555551555555555555555555555555555555555055555555555555555555515555515555555555555555555555555555555555555155555551555
5555555551555555555555555505555555515555505555515555555155551555555555555555555555555555555515555555551555555151555555555555055555555555555555555555555555555555555555555055155551555515555515515555515555551555555555555555555555555555555155555551555
5555555551515555555555555505555555515555505555515555555555555555555555555555555555555555555515555555555551555511555555555555055555555555555555555555555555555555555555555055555555555555555505515555515555555155555555555555555555555555555155555551555
5555555550555515555555555515555555555555515555555555555555555555555055555555555515055555555505555551555555555551555555555555055551555555505555555555555555555555555555555055555555555555555555505555555555555555555555550000555555555555555555555551555
5555055550555555555555555555155555555115555555055550555555555555550555155555055515555551555505005550555555550555551555555555155555555555555551555505555555550555555515055155555555555551555555555555555505555550055000055555555555555555555555555555555
5555555550555555555555555515151555555555515555555555555555155555555055555555555505155555515505555550555555555551555555555555055551555555505551555555555555555555555555555155555555505555555555555555555555555555555555550000555555555555555555555555555
5555555551555555555555555555155555515555555555505505555555555555555555555555555505555555515511555555555555555555555555555555005555555555555551555555555555555555555555555155555555555551555555555555555555555555555000055555555555555555555555555555555
1555550551055515555555515515555555515555555555515555555555555555555555555555555515555555555515515505555555555551555550555510055005555555515555555555555555555555555555555055555555555555555555515555555555555555505000055555555555555555555155555550555
5555550551055515555555515555555555555555555555555555555555555555555055555555555515555555555505555500555555555555555550555550555005555555555555555555555555555555555555555055555555555555555515515555555555555555505555550000555555555555555155555550555
5555055550555555555555555555155555555515555555055510555555555055550555555550055515555555555505505551555555550555551555555555115555555555555551155555155555550555555555055155555555555551555555555555555505555550055000055555555555555555555555555555555
5555550550055515555555515515555555555555515555555555555555555555555055555555555515055555555505555501555555555551555550555550155001555555505555555555555555555555555555555055555555555555555555515555555555555555505555550000555555555555555155555550555
5555555551555555555555555555155555505555555555505555555555555555555555555555555505555550515511555555555555555555555555555555055555555555555551555555555555555555555505555155555555555551555555555555555555555555555000055555555555555555555555555555555
1555550551055515555555515515555555515555555555505555555555555555555555555555555515555555555515515505555555555551555550555510055005555555515555555555555555555555555555555055555555555555555555515555555555555555505000055555555555555555555155555550555
5555055550555515555555555555555555555555555555555555555555555555555555555555555515555555555505555550555555555555555555555555155555555555555555555555555555555555555555555055555555505555555555515555555555555555555555555555555555555555555155555551555
5555055550555515555555555555555555555555555555555555555555555555555555555555555515055555555505555551555555555555555555555555155555555555555555555555555555555555555555555055555555555555555555515555555555555555555555555555555555555555555155555551555
5555055550555515555555555515555555555555515555555551555555555555551055555555555515055555555505515551555555550551555555555555055551555555505555555555555555555555555555555055555555555555555555515555555515555550155555550000555555555555555155555551555
5555555550555515555555555555555555555055555555555555555555555555555555055555555515555550555505555550555555555555555555555555055555555555555555555505555555555555555505551055555555515555555555515555555555555555555555555555555555555555555155555551555
5555055555555555555555555555155555555115555555055510555555555055550555155550155515555551555555005555555555550555551555555555015555555555555551155505155555550555555515055155555555555551555555555555555505555550055000055555555555555555555555555555555
5555055555555555555555555555155555555115555555155510555555555055550555155550155515555551555555005555555555550555551555555555015555555555555551155505155555550555555515055155555555555551555555555555555505555550055000055555555555555555555555555555555
5555055555555555555555555555155555555115555555055510555555555055550555155550055515555551555555005555555555550555551555555555015555555555555551155505155555551555555515055155555555555551555555555555555505555550055000055555555555555555555555555555555
5555055555555555555555555555155555555115555555155510555555555055550555155550055515555551555555005555555555550555551555555555015555555555555551155505155555551555555515055155555555555551555555555555555505555550055000055555555555555555555555555555555
5555055555555555555555555555155555555115555555155510555555555055550555155550155515555551555555005555555555550555551555555555015555555555555551155505155555551555555515055155555555555551555555555555555505555550055000055555555555555555555555555555555
5555055555555555555555555555155555555115555555055510555555555055550555155550155515555551555555005555555555550555551555555555015555555555555551155505155555551555555515055155555555555551555555555555555505555550055000055555555555555555555555555555555
5555555551555555555555555515555555515555555555515555555551555555555555555115511555555555555515555555555555555551555555555555055555555555555555555555555555555555555155555055555155555555555515515551515555555555555555555555555555555555555155555551555
5555515551555555555555555515555555515555551555515555515555555555555515555555555551551555555515551555555555555551555555555555055555555555555555555555555555555555555555555055555555555555555505515555115555555555555555555555555555555555555155555551555
5555555550555515555555555555555555555555555555555551555555555555555555555555555515555555555505555550555555555555555555555555055555555555555555555555555555555555555555555055555555505555555555515555555515555555155555555555555555555555555155555551555
5555055555555555555555555555155555555115555555055510555555555055550555155551155515555551555555105555555555550555551555555555515555555555555551155505155555551555555515055155555555555551555555555555555505555550055000055555555555555555555555555555555
5555055555555555555555555555155555555115555555155510555555555055550555155551155515555551555555105555555555550555551555555555515555555555555551155505155555551555555515055155555555555551555555555555555505555550055000055555555555555555555555555555555
5555055555555555555555555555155555555115555555155510555555555055550555155551055515555551555555105555555555550555551555555555515555555555555551155505155555551555555515055155555555555551555555555555555505555550055000055555555555555555555555555555555
5555055555555555555555555555155555555115555555155510555555555055550555155551155515555551555555105555555555550555551555555555515555555555555551155505155555550555555515055155555555555551555555555555555505555550055000055555555555555555555555555555555
