10110111
00010000
11110010
01110010
01110010
01100010
01100010
01100010
10011100
01100010
01100010
01100010
01100010
10010010
11011110
10011100
10010110
10011100
10011010
00010100
10010100
00010100
00010100
01011000
01010000
10011100
01011000
01011100
01011000
11011000
10010100
11011000
11010000
01010000
01110100
01110100
01010100
11010010
10010100
01010000
11010000
11010000
01010010
01011000
01011100
11011000
01011000
01010100
01110100
01101000
01101000
01110100
01011000
01110100
01001000
11011000
01011000
01011000
01011000
01001000
01110100
01011000
01101000
01011000
01011000
00001000
00001000
01101000
01110100
01101000
01101000
01010100
00010100
01100000
01100000
01100000
01100000
01010000
01011100
01011000
01011100
01010000
00010000
00011000
00010000
01010000
01011000
01011000
01100000
01100000
01100000
01100000
01100000
00011000
00011100
00010000
00011000
00011000
00011000
00010000
00011000
00010100
00010000
00011000
01110100
00010000
01110100
01100000
01100000
01100000
01110100
01110000
01110100
01110100
01110100
01100000
01100000
01100000
01100000
01100000
00010000
00010000
00011000
00010000
00010100
00010100
00010100
00010000
00010000
00010000
00010100
00010100
00001000
01100000
00001000
00100000
00011100
00010000
01100000
00011000
00100000
00011100
00010000
00010000
00011000
00010000
01100000
01100000
01100000
01100000
01100000
01100000
00010100
00010100
00010000
01100000
01100000
01100000
01100000